id,text,upos,xpos,feats,head,deprel,span,lemma,expanded
1,﻿תקנות,NOUN,NOUN,Definite=Cons|Gender=Fem|HebSource=ConvUncertainHead|Number=Plur,89.0,dep,"(0, 6)",﻿תקנות,
"(2, 3)",התכנון,,,,,,"(7, 13)",,"[{'id': 2, 'text': 'ה', 'upos': 'DET', 'xpos': 'DET', 'feats': 'PronType=Art', 'head': 3, 'deprel': 'det:def', 'lemma': 'ה'}, {'id': 3, 'text': 'תכנון', 'upos': 'NOUN', 'xpos': 'NOUN', 'feats': 'Gender=Masc|Number=Sing', 'head': 1, 'deprel': 'compound:smixut', 'lemma': 'תכנון'}]"
"(4, 6)",והבניה,,,,,,"(14, 20)",,"[{'id': 4, 'text': 'ו', 'upos': 'CCONJ', 'xpos': 'CCONJ', 'head': 6, 'deprel': 'cc', 'lemma': 'ו'}, {'id': 5, 'text': 'ה', 'upos': 'DET', 'xpos': 'DET', 'feats': 'PronType=Art', 'head': 6, 'deprel': 'det:def', 'lemma': 'ה'}, {'id': 6, 'text': 'בניה', 'upos': 'NOUN', 'xpos': 'NOUN', 'feats': 'Gender=Fem|Number=Sing', 'head': 3, 'deprel': 'conj', 'lemma': 'בניה'}]"
7,(,PUNCT,PUNCT,,8.0,punct,"(21, 22)",(,
8,פטור,NOUN,NOUN,Gender=Masc|Number=Sing,1.0,appos,"(22, 26)",פטר,
"(9, 10)",מחובת,,,,,,"(27, 32)",,"[{'id': 9, 'text': 'מ', 'upos': 'ADP', 'xpos': 'ADP', 'head': 10, 'deprel': 'case', 'lemma': 'מ'}, {'id': 10, 'text': 'חובת', 'upos': 'NOUN', 'xpos': 'NOUN', 'feats': 'Definite=Cons|Gender=Fem|Number=Sing', 'head': 8, 'deprel': 'nmod', 'lemma': 'חובה'}]"
11,התקנת,NOUN,NOUN,Definite=Cons|Gender=Fem|Number=Sing,10.0,compound:smixut,"(33, 38)",התקנה,
12,מנגנון,NOUN,NOUN,Definite=Cons|Gender=Masc|Number=Sing,11.0,compound:smixut,"(39, 45)",מנגנון,
13,פיקוד,NOUN,NOUN,Definite=Cons|Gender=Masc|Number=Sing,12.0,compound:smixut,"(46, 51)",פיקוד,
14,שבת,PROPN,PROPN,,13.0,compound:smixut,"(52, 55)",שבת,
"(15, 16)",במעלית,,,,,,"(56, 62)",,"[{'id': 15, 'text': 'ב', 'upos': 'ADP', 'xpos': 'ADP', 'head': 16, 'deprel': 'case', 'lemma': 'ב'}, {'id': 16, 'text': 'מעלית', 'upos': 'PROPN', 'xpos': 'PROPN', 'head': 12, 'deprel': 'nmod', 'lemma': 'מעלית'}]"
17,),PUNCT,PUNCT,,8.0,punct,"(62, 63)",),
18,",",PUNCT,PUNCT,,1.0,punct,"(63, 64)",",",
19,"תשס""ד",PROPN,PROPN,Abbr=Yes,1.0,appos,"(65, 70)","תשס""ד",
20,-,PUNCT,PUNCT,HebSource=ConvUncertainHead,19.0,punct,"(70, 71)",-,
21,2004,NUM,NUM,HebSource=ConvUncertainHead,19.0,dep,"(71, 75)",2004,
22,*,PUNCT,PUNCT,,1.0,punct,"(75, 76)",*,
"(23, 24)",בתוקף,,,,,,"(77, 82)",,"[{'id': 23, 'text': 'ב', 'upos': 'ADP', 'xpos': 'ADP', 'head': 24, 'deprel': 'case', 'lemma': 'ב'}, {'id': 24, 'text': 'תוקף', 'upos': 'NOUN', 'xpos': 'NOUN', 'feats': 'Definite=Cons|Gender=Masc|Number=Sing', 'head': 89, 'deprel': 'obl', 'lemma': 'תוקף'}]"
"(25, 27)",סמכותי,,,,,,"(83, 89)",,"[{'id': 25, 'text': 'סמכות_', 'upos': 'NOUN', 'xpos': 'NOUN', 'feats': 'Definite=Def|Gender=Fem|Number=Sing', 'head': 24, 'deprel': 'compound:smixut', 'lemma': 'סמכות'}, {'id': 26, 'text': '_של_', 'upos': 'ADP', 'xpos': 'ADP', 'head': 27, 'deprel': 'case:gen', 'lemma': 'של'}, {'id': 27, 'text': '_אני', 'upos': 'PRON', 'xpos': 'PRON', 'feats': 'Case=Gen|Gender=Fem,Masc|Number=Sing|Person=1|PronType=Prs', 'head': 25, 'deprel': 'nmod:poss', 'lemma': 'הוא'}]"
28,לפי,ADP,ADP,,29.0,case,"(90, 93)",לפי,
29,סעיפים,NOUN,NOUN,Gender=Masc|Number=Plur,24.0,nmod,"(94, 100)",סעיף,
30,158א,NUM,NUM,,29.0,nmod,"(101, 105)",158א,
31,(,PUNCT,PUNCT,,32.0,punct,"(105, 106)",(,
32,א1,PROPN,PROPN,,30.0,appos,"(106, 108)",א1,
33,),PUNCT,PUNCT,,32.0,punct,"(108, 109)",),
34,(,PUNCT,PUNCT,,35.0,punct,"(109, 110)",(,
35,1,NUM,NUM,,30.0,appos,"(110, 111)",1,
36,),PUNCT,PUNCT,,35.0,punct,"(111, 112)",),
37,ו,CCONJ,CCONJ,,39.0,cc,"(113, 114)",ו,
38,-,PUNCT,PUNCT,,35.0,punct,"(114, 115)",-,
39,265,NUM,NUM,,35.0,conj,"(115, 118)",265,
"(40, 41)",לחוק,,,,,,"(119, 123)",,"[{'id': 40, 'text': 'ל', 'upos': 'ADP', 'xpos': 'ADP', 'head': 41, 'deprel': 'case', 'lemma': 'ל'}, {'id': 41, 'text': 'חוק', 'upos': 'NOUN', 'xpos': 'NOUN', 'feats': 'Definite=Cons|Gender=Masc|Number=Sing', 'head': 29, 'deprel': 'nmod', 'lemma': 'חוק'}]"
"(42, 43)",התכנון,,,,,,"(124, 130)",,"[{'id': 42, 'text': 'ה', 'upos': 'DET', 'xpos': 'DET', 'feats': 'PronType=Art', 'head': 43, 'deprel': 'det:def', 'lemma': 'ה'}, {'id': 43, 'text': 'תכנון', 'upos': 'NOUN', 'xpos': 'NOUN', 'feats': 'Gender=Masc|Number=Sing', 'head': 41, 'deprel': 'compound:smixut', 'lemma': 'תכנון'}]"
"(44, 46)",והבניה,,,,,,"(131, 137)",,"[{'id': 44, 'text': 'ו', 'upos': 'CCONJ', 'xpos': 'CCONJ', 'head': 46, 'deprel': 'cc', 'lemma': 'ו'}, {'id': 45, 'text': 'ה', 'upos': 'DET', 'xpos': 'DET', 'feats': 'PronType=Art', 'head': 46, 'deprel': 'det:def', 'lemma': 'ה'}, {'id': 46, 'text': 'בניה', 'upos': 'NOUN', 'xpos': 'NOUN', 'feats': 'Gender=Fem|Number=Sing', 'head': 43, 'deprel': 'conj', 'lemma': 'בניה'}]"
47,",",PUNCT,PUNCT,,41.0,punct,"(137, 138)",",",
"(48, 49)","התשכ""ה",,,,,,"(139, 145)",,"[{'id': 48, 'text': 'ה', 'upos': 'DET', 'xpos': 'DET', 'feats': 'PronType=Art', 'head': 49, 'deprel': 'det:def', 'lemma': 'ה'}, {'id': 49, 'text': 'תשכ""ה', 'upos': 'PROPN', 'xpos': 'PROPN', 'feats': 'Abbr=Yes', 'head': 41, 'deprel': 'nmod', 'lemma': 'תשכ""ה'}]"
50,-,PUNCT,PUNCT,HebSource=ConvUncertainHead,49.0,punct,"(145, 146)",-,
51,1965,NUM,NUM,,49.0,dep,"(146, 150)",1965,
52,(,PUNCT,PUNCT,,54.0,punct,"(151, 152)",(,
"(53, 54)",להלן,,,,,,"(152, 156)",,"[{'id': 53, 'text': 'ל', 'upos': 'ADP', 'xpos': 'ADP', 'head': 54, 'deprel': 'case', 'lemma': 'ל'}, {'id': 54, 'text': 'הלן', 'upos': 'PROPN', 'xpos': 'PROPN', 'head': 93, 'deprel': 'nmod', 'lemma': 'הלן'}]"
55,–,PUNCT,PUNCT,,54.0,punct,"(157, 158)",–,
"(56, 57)",החוק,,,,,,"(159, 163)",,"[{'id': 56, 'text': 'ה', 'upos': 'DET', 'xpos': 'DET', 'feats': 'PronType=Art', 'head': 57, 'deprel': 'det:def', 'lemma': 'ה'}, {'id': 57, 'text': 'חוק', 'upos': 'NOUN', 'xpos': 'NOUN', 'feats': 'Gender=Masc|Number=Sing', 'head': 54, 'deprel': 'nmod', 'lemma': 'חוק'}]"
58,),PUNCT,PUNCT,,54.0,punct,"(163, 164)",),
59,",",PUNCT,PUNCT,,30.0,punct,"(164, 165)",",",
"(60, 62)",ובאישור,,,,,,"(166, 173)",,"[{'id': 60, 'text': 'ו', 'upos': 'CCONJ', 'xpos': 'CCONJ', 'head': 62, 'deprel': 'cc', 'lemma': 'ו'}, {'id': 61, 'text': 'ב', 'upos': 'ADP', 'xpos': 'ADP', 'head': 62, 'deprel': 'case', 'lemma': 'ב'}, {'id': 62, 'text': 'אישור', 'upos': 'NOUN', 'xpos': 'NOUN', 'feats': 'Definite=Cons|Gender=Masc|Number=Sing', 'head': 24, 'deprel': 'conj', 'lemma': 'אישור'}]"
63,ועדת,NOUN,NOUN,Definite=Cons|Gender=Fem|Number=Sing,62.0,compound:smixut,"(174, 178)",ועדה,
"(64, 65)",הפנים,,,,,,"(179, 184)",,"[{'id': 64, 'text': 'ה', 'upos': 'DET', 'xpos': 'DET', 'feats': 'PronType=Art', 'head': 65, 'deprel': 'det:def', 'lemma': 'ה'}, {'id': 65, 'text': 'פנים', 'upos': 'NOUN', 'xpos': 'NOUN', 'feats': 'Gender=Masc|Number=Sing', 'head': 63, 'deprel': 'compound:smixut', 'lemma': 'פנים'}]"
"(66, 67)",ואיכות,,,,,,"(185, 191)",,"[{'id': 66, 'text': 'ו', 'upos': 'CCONJ', 'xpos': 'CCONJ', 'head': 67, 'deprel': 'cc', 'lemma': 'ו'}, {'id': 67, 'text': 'איכות', 'upos': 'NOUN', 'xpos': 'NOUN', 'feats': 'Definite=Cons|Gender=Fem|Number=Sing', 'head': 65, 'deprel': 'conj', 'lemma': 'איכות'}]"
"(68, 69)",הסביבה,,,,,,"(192, 198)",,"[{'id': 68, 'text': 'ה', 'upos': 'DET', 'xpos': 'DET', 'feats': 'PronType=Art', 'head': 69, 'deprel': 'det:def', 'lemma': 'ה'}, {'id': 69, 'text': 'סביבה', 'upos': 'NOUN', 'xpos': 'NOUN', 'feats': 'Gender=Fem|Number=Sing', 'head': 67, 'deprel': 'compound:smixut', 'lemma': 'סביבה'}]"
70,של,ADP,ADP,Case=Gen,72.0,case:gen,"(199, 201)",של,
"(71, 72)",הכנסת,,,,,,"(202, 207)",,"[{'id': 71, 'text': 'ה', 'upos': 'DET', 'xpos': 'DET', 'feats': 'PronType=Art', 'head': 72, 'deprel': 'det:def', 'lemma': 'ה'}, {'id': 72, 'text': 'כנסת', 'upos': 'PROPN', 'xpos': 'PROPN', 'head': 63, 'deprel': 'nmod:poss', 'lemma': 'כנסת'}]"
73,",",PUNCT,PUNCT,,24.0,punct,"(207, 208)",",",
"(74, 75)",ולאחר,,,,,,"(209, 214)",,"[{'id': 74, 'text': 'ו', 'upos': 'CCONJ', 'xpos': 'CCONJ', 'head': 89, 'deprel': 'cc', 'lemma': 'ו'}, {'id': 75, 'text': 'לאחר', 'upos': 'ADP', 'xpos': 'ADP', 'head': 76, 'deprel': 'case', 'lemma': 'לאחר'}]"
76,התייעצות,NOUN,NOUN,Gender=Fem|Number=Sing,89.0,obl,"(215, 223)",התייעצות,
77,עם,ADP,ADP,,79.0,case,"(224, 226)",עם,
"(78, 79)",המועצה,,,,,,"(227, 233)",,"[{'id': 78, 'text': 'ה', 'upos': 'DET', 'xpos': 'DET', 'feats': 'PronType=Art', 'head': 79, 'deprel': 'det:def', 'lemma': 'ה'}, {'id': 79, 'text': 'מועצה', 'upos': 'NOUN', 'xpos': 'NOUN', 'feats': 'Gender=Fem|Number=Sing', 'head': 76, 'deprel': 'nmod', 'lemma': 'מועצה'}]"
"(80, 81)",הארצית,,,,,,"(234, 240)",,"[{'id': 80, 'text': 'ה', 'upos': 'DET', 'xpos': 'DET', 'feats': 'PronType=Art', 'head': 81, 'deprel': 'det:def', 'lemma': 'ה'}, {'id': 81, 'text': 'ארצית', 'upos': 'ADJ', 'xpos': 'ADJ', 'feats': 'Gender=Fem|HebSource=ConvUncertainLabel|Number=Sing', 'head': 79, 'deprel': 'amod', 'lemma': 'ארצי'}]"
"(82, 83)",לתכנון,,,,,,"(241, 247)",,"[{'id': 82, 'text': 'ל', 'upos': 'ADP', 'xpos': 'ADP', 'head': 83, 'deprel': 'case', 'lemma': 'ל'}, {'id': 83, 'text': 'תכנון', 'upos': 'NOUN', 'xpos': 'NOUN', 'feats': 'Gender=Masc|Number=Sing', 'head': 79, 'deprel': 'nmod', 'lemma': 'תכנון'}]"
"(84, 86)",ולבניה,,,,,,"(248, 254)",,"[{'id': 84, 'text': 'ו', 'upos': 'CCONJ', 'xpos': 'CCONJ', 'head': 86, 'deprel': 'cc', 'lemma': 'ו'}, {'id': 85, 'text': 'ל', 'upos': 'ADP', 'xpos': 'ADP', 'head': 86, 'deprel': 'case', 'lemma': 'ל'}, {'id': 86, 'text': 'בניה', 'upos': 'NOUN', 'xpos': 'NOUN', 'feats': 'Gender=Fem|Number=Sing', 'head': 83, 'deprel': 'conj', 'lemma': 'בניה'}]"
87,",",PUNCT,PUNCT,,89.0,punct,"(254, 255)",",",
88,אני,PRON,PRON,"Gender=Fem,Masc|Number=Sing|Person=1|PronType=Prs",89.0,nsubj,"(256, 259)",הוא,
89,מתקין,VERB,VERB,"Gender=Masc|HebBinyan=PIEL|Number=Sing|Person=1,2,3|VerbForm=Part|Voice=Act",0.0,root,"(260, 265)",התקין,
90,תקנות,NOUN,NOUN,Gender=Fem|Number=Plur,89.0,obj,"(266, 271)",תקנה,
91,אלה,PRON,PRON,Gender=Masc|Number=Plur|Person=3|PronType=Dem,90.0,det,"(272, 275)",אלה,
92,:,PUNCT,PUNCT,,89.0,punct,"(275, 276)",:,
93,הגדרות,NOUN,NOUN,Gender=Fem|Number=Plur,89.0,dep,"(277, 283)",הגדרה,
94,1,NUM,NUM,,93.0,nummod,"(284, 285)",1,
"(1, 2)",בתקנות,,,,,,"(1, 7)",,"[{'id': 1, 'text': 'ב', 'upos': 'ADP', 'xpos': 'ADP', 'head': 2, 'deprel': 'case', 'lemma': 'ב'}, {'id': 2, 'text': 'תקנות', 'upos': 'NOUN', 'xpos': 'NOUN', 'feats': 'Gender=Fem|Number=Plur', 'head': 0, 'deprel': 'root', 'lemma': 'תקנה'}]"
3,אלה,PRON,PRON,Gender=Masc|Number=Plur|Person=3|PronType=Dem,2.0,det,"(8, 11)",אלה,
4,–,PUNCT,PUNCT,,2.0,punct,"(12, 13)",–,
5,"""",PUNCT,PUNCT,,6.0,punct,"(14, 15)","""",
6,בית,NOUN,NOUN,Gender=Masc|Number=Sing,2.0,appos,"(15, 18)",בית,
7,חולים,VERB,VERB,"Gender=Masc|HebBinyan=PAAL|Number=Plur|Person=1,2,3|VerbForm=Part|Voice=Act",6.0,amod,"(19, 24)",חלה,
8,"""",PUNCT,PUNCT,,6.0,punct,"(24, 25)","""",
9,",",PUNCT,PUNCT,,6.0,punct,"(25, 26)",",",
10,"""",PUNCT,PUNCT,,11.0,punct,"(27, 28)","""",
11,בית,NOUN,NOUN,Gender=Masc|Number=Sing,6.0,conj,"(28, 31)",בית,
"(12, 14)",לאסיפות,,,,,,"(32, 39)",,"[{'id': 12, 'text': 'ל', 'upos': 'ADP', 'xpos': 'ADP', 'head': 14, 'deprel': 'case', 'lemma': 'ל'}, {'id': 13, 'text': 'ה_', 'upos': 'DET', 'xpos': 'DET', 'feats': 'PronType=Art', 'head': 14, 'deprel': 'det:def', 'lemma': 'ה'}, {'id': 14, 'text': 'אסיפות', 'upos': 'NOUN', 'xpos': 'NOUN', 'feats': 'Gender=Fem|Number=Plur', 'head': 11, 'deprel': 'nmod', 'lemma': 'אסיפה'}]"
15,"""",PUNCT,PUNCT,,11.0,punct,"(39, 40)","""",
"(16, 18)","ו""בית",,,,,,"(41, 46)",,"[{'id': 16, 'text': 'ו', 'upos': 'CCONJ', 'xpos': 'CCONJ', 'head': 18, 'deprel': 'cc', 'lemma': 'ו'}, {'id': 17, 'text': '""', 'upos': 'PUNCT', 'xpos': 'PUNCT', 'head': 18, 'deprel': 'punct', 'lemma': '""'}, {'id': 18, 'text': 'בית', 'upos': 'NOUN', 'xpos': 'NOUN', 'feats': 'Gender=Masc|Number=Sing', 'head': 6, 'deprel': 'conj', 'lemma': 'בית'}]"
"(19, 20)",לעצרות,,,,,,"(47, 53)",,"[{'id': 19, 'text': 'ל', 'upos': 'ADP', 'xpos': 'ADP', 'head': 20, 'deprel': 'case', 'lemma': 'ל'}, {'id': 20, 'text': 'עצרות', 'upos': 'NOUN', 'xpos': 'NOUN', 'feats': 'Definite=Cons|Gender=Fem|Number=Plur', 'head': 18, 'deprel': 'nmod', 'lemma': 'עצרת'}]"
21,עם,NOUN,NOUN,Gender=Masc|Number=Sing,20.0,compound:smixut,"(54, 56)",עם,
22,"""",PUNCT,PUNCT,,18.0,punct,"(56, 57)","""",
23,–,PUNCT,PUNCT,,6.0,punct,"(58, 59)",–,
"(24, 27)",כמשמעותם,,,,,,"(60, 68)",,"[{'id': 24, 'text': 'כ', 'upos': 'ADP', 'xpos': 'ADP', 'head': 25, 'deprel': 'case', 'lemma': 'כ'}, {'id': 25, 'text': 'משמעות_', 'upos': 'NOUN', 'xpos': 'NOUN', 'feats': 'Definite=Def|Gender=Fem|Number=Sing', 'head': 2, 'deprel': 'dep', 'lemma': 'משמעות'}, {'id': 26, 'text': '_של_', 'upos': 'ADP', 'xpos': 'ADP', 'head': 27, 'deprel': 'case:gen', 'lemma': 'של'}, {'id': 27, 'text': '_הם', 'upos': 'PRON', 'xpos': 'PRON', 'feats': 'Case=Gen|Gender=Masc|Number=Plur|Person=3|PronType=Prs', 'head': 25, 'deprel': 'nmod:poss', 'lemma': 'הוא'}]"
"(28, 29)",בחלק,,,,,,"(69, 73)",,"[{'id': 28, 'text': 'ב', 'upos': 'ADP', 'xpos': 'ADP', 'head': 29, 'deprel': 'case', 'lemma': 'ב'}, {'id': 29, 'text': 'חלק', 'upos': 'NOUN', 'xpos': 'NOUN', 'feats': 'Gender=Masc|Number=Sing', 'head': 25, 'deprel': 'nmod', 'lemma': 'חלק'}]"
30,ח',PROPN,PROPN,,29.0,amod,"(74, 76)",ח',
"(31, 33)",שבתוספת,,,,,,"(77, 84)",,"[{'id': 31, 'text': 'ש', 'upos': 'SCONJ', 'xpos': 'SCONJ', 'head': 33, 'deprel': 'mark', 'lemma': 'ש'}, {'id': 32, 'text': 'ב', 'upos': 'ADP', 'xpos': 'ADP', 'head': 33, 'deprel': 'case', 'lemma': 'ב'}, {'id': 33, 'text': 'תוספת', 'upos': 'NOUN', 'xpos': 'NOUN', 'feats': 'Gender=Fem|Number=Sing', 'head': 25, 'deprel': 'acl:relcl', 'lemma': 'תוספת'}]"
"(34, 35)",השניה,,,,,,"(85, 90)",,"[{'id': 34, 'text': 'ה', 'upos': 'DET', 'xpos': 'DET', 'feats': 'PronType=Art', 'head': 35, 'deprel': 'det:def', 'lemma': 'ה'}, {'id': 35, 'text': 'שניה', 'upos': 'NUM', 'xpos': 'NUM', 'feats': 'Gender=Fem|Number=Sing', 'head': 33, 'deprel': 'amod', 'lemma': 'שניה'}]"
"(36, 37)",לתקנות,,,,,,"(91, 97)",,"[{'id': 36, 'text': 'ל', 'upos': 'ADP', 'xpos': 'ADP', 'head': 37, 'deprel': 'case', 'lemma': 'ל'}, {'id': 37, 'text': 'תקנות', 'upos': 'NOUN', 'xpos': 'NOUN', 'feats': 'Definite=Cons|Gender=Fem|Number=Plur', 'head': 33, 'deprel': 'nmod', 'lemma': 'תקנה'}]"
"(38, 39)",התכנון,,,,,,"(98, 104)",,"[{'id': 38, 'text': 'ה', 'upos': 'DET', 'xpos': 'DET', 'feats': 'PronType=Art', 'head': 39, 'deprel': 'det:def', 'lemma': 'ה'}, {'id': 39, 'text': 'תכנון', 'upos': 'NOUN', 'xpos': 'NOUN', 'feats': 'Gender=Masc|Number=Sing', 'head': 37, 'deprel': 'compound:smixut', 'lemma': 'תכנון'}]"
"(40, 42)",והבניה,,,,,,"(105, 111)",,"[{'id': 40, 'text': 'ו', 'upos': 'CCONJ', 'xpos': 'CCONJ', 'head': 42, 'deprel': 'cc', 'lemma': 'ו'}, {'id': 41, 'text': 'ה', 'upos': 'DET', 'xpos': 'DET', 'feats': 'PronType=Art', 'head': 42, 'deprel': 'det:def', 'lemma': 'ה'}, {'id': 42, 'text': 'בניה', 'upos': 'NOUN', 'xpos': 'NOUN', 'feats': 'Gender=Fem|Number=Sing', 'head': 39, 'deprel': 'conj', 'lemma': 'בניה'}]"
43,(,PUNCT,PUNCT,,44.0,punct,"(112, 113)",(,
44,בקשה,NOUN,NOUN,Gender=Fem|Number=Sing,37.0,appos,"(113, 117)",בקשה,
"(45, 46)",להיתר,,,,,,"(118, 123)",,"[{'id': 45, 'text': 'ל', 'upos': 'ADP', 'xpos': 'ADP', 'head': 46, 'deprel': 'case', 'lemma': 'ל'}, {'id': 46, 'text': 'היתר', 'upos': 'NOUN', 'xpos': 'NOUN', 'feats': 'Gender=Masc|Number=Sing', 'head': 44, 'deprel': 'nmod', 'lemma': 'היתר'}]"
47,",",PUNCT,PUNCT,,44.0,punct,"(123, 124)",",",
"(48, 49)",תנאיו,,,,,,"(125, 130)",,"[{'id': 48, 'text': 'תנאי_', 'upos': 'NOUN', 'xpos': 'NOUN', 'head': 44, 'deprel': 'conj', 'lemma': 'תנאי'}, {'id': 49, 'text': '_הוא', 'upos': 'PRON', 'xpos': 'PRON', 'feats': 'Case=Gen|Gender=Masc|Number=Sing|Person=3|PronType=Prs', 'head': 48, 'deprel': 'nmod:poss', 'lemma': 'הוא'}]"
"(50, 51)",ואגרות,,,,,,"(131, 137)",,"[{'id': 50, 'text': 'ו', 'upos': 'CCONJ', 'xpos': 'CCONJ', 'head': 51, 'deprel': 'cc', 'lemma': 'ו'}, {'id': 51, 'text': 'אגרות', 'upos': 'NOUN', 'xpos': 'NOUN', 'feats': 'Gender=Fem|Number=Plur', 'head': 48, 'deprel': 'conj', 'lemma': 'אגרה'}]"
52,),PUNCT,PUNCT,,44.0,punct,"(137, 138)",),
53,",",PUNCT,PUNCT,,37.0,punct,"(138, 139)",",",
"(54, 55)","התש""ל",,,,,,"(140, 145)",,"[{'id': 54, 'text': 'ה', 'upos': 'DET', 'xpos': 'DET', 'feats': 'PronType=Art', 'head': 55, 'deprel': 'det:def', 'lemma': 'ה'}, {'id': 55, 'text': 'תש""ל', 'upos': 'NOUN', 'xpos': 'NOUN', 'feats': 'Abbr=Yes', 'head': 33, 'deprel': 'appos', 'lemma': 'תש""ל'}]"
56,-,PUNCT,PUNCT,HebSource=ConvUncertainHead,55.0,punct,"(145, 146)",-,
57,1970,NUM,NUM,HebSource=ConvUncertainHead,55.0,dep,"(146, 150)",1970,
58,(,PUNCT,PUNCT,,61.0,punct,"(151, 152)",(,
59,להלן,ADV,ADV,,61.0,det,"(152, 156)",להלן,
60,–,PUNCT,PUNCT,,61.0,punct,"(157, 158)",–,
61,תקנות,NOUN,NOUN,Definite=Cons|Gender=Fem|Number=Plur,33.0,appos,"(159, 164)",תקנה,
62,בקשה,NOUN,NOUN,Gender=Fem|Number=Sing,61.0,compound:smixut,"(165, 169)",בקשה,
"(63, 64)",להיתר,,,,,,"(170, 175)",,"[{'id': 63, 'text': 'ל', 'upos': 'ADP', 'xpos': 'ADP', 'head': 64, 'deprel': 'case', 'lemma': 'ל'}, {'id': 64, 'text': 'היתר', 'upos': 'NOUN', 'xpos': 'NOUN', 'feats': 'Gender=Masc|Number=Sing', 'head': 62, 'deprel': 'nmod', 'lemma': 'היתר'}]"
65,),PUNCT,PUNCT,,61.0,punct,"(175, 176)",),
66,;,PUNCT,PUNCT,,33.0,cc,"(176, 177)",;,
67,"""",PUNCT,PUNCT,,68.0,punct,"(178, 179)","""",
68,בנין,NOUN,NOUN,Gender=Masc|Number=Sing,37.0,conj,"(179, 183)",בניין,
69,ציבורי,ADJ,ADJ,Gender=Masc|Number=Sing,68.0,amod,"(184, 190)",ציבורי,
70,"""",PUNCT,PUNCT,,68.0,punct,"(190, 191)","""",
71,–,PUNCT,PUNCT,,33.0,punct,"(192, 193)",–,
"(72, 75)",כהגדרתו,,,,,,"(194, 201)",,"[{'id': 72, 'text': 'כ', 'upos': 'ADP', 'xpos': 'ADP', 'head': 73, 'deprel': 'case', 'lemma': 'כ'}, {'id': 73, 'text': 'הגדרה_', 'upos': 'NOUN', 'xpos': 'NOUN', 'feats': 'Definite=Def|Gender=Fem|Number=Sing', 'head': 37, 'deprel': 'appos', 'lemma': 'הגדרה'}, {'id': 74, 'text': '_של_', 'upos': 'ADP', 'xpos': 'ADP', 'head': 75, 'deprel': 'case:gen', 'lemma': 'של'}, {'id': 75, 'text': '_הוא', 'upos': 'PRON', 'xpos': 'PRON', 'feats': 'Case=Gen|Gender=Masc|Number=Sing|Person=3|PronType=Prs', 'head': 73, 'deprel': 'nmod:poss', 'lemma': 'הוא'}]"
"(76, 77)",בסעיף,,,,,,"(202, 207)",,"[{'id': 76, 'text': 'ב', 'upos': 'ADP', 'xpos': 'ADP', 'head': 77, 'deprel': 'case', 'lemma': 'ב'}, {'id': 77, 'text': 'סעיף', 'upos': 'NOUN', 'xpos': 'NOUN', 'feats': 'Gender=Masc|Number=Sing', 'head': 73, 'deprel': 'nmod', 'lemma': 'סעיף'}]"
78,158ב,NUM,NUM,,77.0,nummod,"(208, 212)",158ב,
"(79, 80)",לחוק,,,,,,"(213, 217)",,"[{'id': 79, 'text': 'ל', 'upos': 'ADP', 'xpos': 'ADP', 'head': 80, 'deprel': 'case', 'lemma': 'ל'}, {'id': 80, 'text': 'חוק', 'upos': 'NOUN', 'xpos': 'NOUN', 'feats': 'Gender=Masc|Number=Sing', 'head': 77, 'deprel': 'nmod', 'lemma': 'חוק'}]"
81,;,PUNCT,PUNCT,,83.0,cc,"(217, 218)",;,
82,"""",PUNCT,PUNCT,,83.0,punct,"(219, 220)","""",
83,בקשה,NOUN,NOUN,Gender=Fem|Number=Sing,37.0,conj,"(220, 224)",בקשה,
"(84, 85)",להיתר,,,,,,"(225, 230)",,"[{'id': 84, 'text': 'ל', 'upos': 'ADP', 'xpos': 'ADP', 'head': 85, 'deprel': 'case', 'lemma': 'ל'}, {'id': 85, 'text': 'היתר', 'upos': 'NOUN', 'xpos': 'NOUN', 'feats': 'Gender=Masc|Number=Sing', 'head': 37, 'deprel': 'nmod', 'lemma': 'היתר'}]"
86,"""",PUNCT,PUNCT,,83.0,punct,"(230, 231)","""",
87,–,PUNCT,PUNCT,,83.0,punct,"(232, 233)",–,
88,בקשה,NOUN,NOUN,Gender=Fem|Number=Sing,37.0,conj,"(234, 238)",בקשה,
"(89, 90)",לקבלת,,,,,,"(239, 244)",,"[{'id': 89, 'text': 'ל', 'upos': 'ADP', 'xpos': 'ADP', 'head': 90, 'deprel': 'case', 'lemma': 'ל'}, {'id': 90, 'text': 'קבלת', 'upos': 'NOUN', 'xpos': 'NOUN', 'feats': 'Definite=Cons|Gender=Fem|Number=Sing', 'head': 88, 'deprel': 'nmod', 'lemma': 'קבלה'}]"
"(91, 92)",היתר,,,,,,"(245, 249)",,"[{'id': 91, 'text': 'ה', 'upos': 'DET', 'xpos': 'DET', 'feats': 'PronType=Art', 'head': 92, 'deprel': 'det:def', 'lemma': 'ה'}, {'id': 92, 'text': 'יתר', 'upos': 'NOUN', 'xpos': 'NOUN', 'feats': 'Gender=Masc|Number=Sing', 'head': 90, 'deprel': 'compound:smixut', 'lemma': 'יתר'}]"
93,לפי,ADP,ADP,,94.0,case,"(250, 253)",לפי,
94,פרק,NOUN,NOUN,Gender=Masc|Number=Sing,128.0,nmod,"(254, 257)",פרק,
95,ה',PROPN,PROPN,,94.0,dep,"(258, 260)",ה',
"(96, 97)",לחוק,,,,,,"(261, 265)",,"[{'id': 96, 'text': 'ל', 'upos': 'ADP', 'xpos': 'ADP', 'head': 97, 'deprel': 'case', 'lemma': 'ל'}, {'id': 97, 'text': 'חוק', 'upos': 'NOUN', 'xpos': 'NOUN', 'feats': 'Gender=Masc|Number=Sing', 'head': 94, 'deprel': 'nmod', 'lemma': 'חוק'}]"
98,;,PUNCT,PUNCT,,100.0,cc,"(265, 266)",;,
99,"""",PUNCT,PUNCT,,100.0,punct,"(267, 268)","""",
100,ועדה,NOUN,NOUN,Gender=Fem|Number=Sing,33.0,conj,"(268, 272)",ועדה,
101,"""",PUNCT,PUNCT,,100.0,punct,"(272, 273)","""",
102,–,PUNCT,PUNCT,,100.0,punct,"(274, 275)",–,
103,"""",PUNCT,PUNCT,,104.0,punct,"(276, 277)","""",
104,ועדה,NOUN,NOUN,Gender=Fem|Number=Sing,100.0,nmod,"(277, 281)",ועדה,
105,מקומית,ADJ,ADJ,Gender=Fem|Number=Sing,104.0,amod,"(282, 288)",מקומי,
106,"""",PUNCT,PUNCT,,104.0,punct,"(288, 289)","""",
"(107, 110)",כהגדרתה,,,,,,"(290, 297)",,"[{'id': 107, 'text': 'כ', 'upos': 'ADP', 'xpos': 'ADP', 'head': 108, 'deprel': 'case', 'lemma': 'כ'}, {'id': 108, 'text': 'הגדרה_', 'upos': 'NOUN', 'xpos': 'NOUN', 'feats': 'Definite=Def|Gender=Fem|Number=Sing', 'head': 100, 'deprel': 'nmod', 'lemma': 'הגדרה'}, {'id': 109, 'text': '_של_', 'upos': 'ADP', 'xpos': 'ADP', 'head': 110, 'deprel': 'case:gen', 'lemma': 'של'}, {'id': 110, 'text': '_היא', 'upos': 'PRON', 'xpos': 'PRON', 'feats': 'Case=Gen|Gender=Fem|Number=Sing|Person=3|PronType=Prs', 'head': 108, 'deprel': 'nmod:poss', 'lemma': 'הוא'}]"
"(111, 112)",בתקנות,,,,,,"(298, 304)",,"[{'id': 111, 'text': 'ב', 'upos': 'ADP', 'xpos': 'ADP', 'head': 112, 'deprel': 'case', 'lemma': 'ב'}, {'id': 112, 'text': 'תקנות', 'upos': 'NOUN', 'xpos': 'NOUN', 'feats': 'Definite=Cons|Gender=Fem|Number=Plur', 'head': 108, 'deprel': 'nmod', 'lemma': 'תקנה'}]"
113,בקשה,NOUN,NOUN,Gender=Fem|Number=Sing,112.0,compound:smixut,"(305, 309)",בקשה,
"(114, 115)",להיתר,,,,,,"(310, 315)",,"[{'id': 114, 'text': 'ל', 'upos': 'ADP', 'xpos': 'ADP', 'head': 115, 'deprel': 'case', 'lemma': 'ל'}, {'id': 115, 'text': 'היתר', 'upos': 'NOUN', 'xpos': 'NOUN', 'feats': 'Gender=Masc|Number=Sing', 'head': 113, 'deprel': 'nmod', 'lemma': 'היתר'}]"
116,;,PUNCT,PUNCT,,118.0,cc,"(315, 316)",;,
117,"""",PUNCT,PUNCT,,118.0,punct,"(317, 318)","""",
118,מנגנון,NOUN,NOUN,Definite=Cons|Gender=Masc|Number=Sing,6.0,conj,"(318, 324)",מנגנון,
119,פיקוד,NOUN,NOUN,Definite=Cons|Gender=Masc|Number=Sing,118.0,compound:smixut,"(325, 330)",פיקוד,
120,שבת,PROPN,PROPN,,119.0,compound:smixut,"(331, 334)",שבת,
121,"""",PUNCT,PUNCT,,118.0,punct,"(334, 335)","""",
122,–,PUNCT,PUNCT,,33.0,punct,"(336, 337)",–,
"(123, 126)",כהגדרתו,,,,,,"(338, 345)",,"[{'id': 123, 'text': 'כ', 'upos': 'ADP', 'xpos': 'ADP', 'head': 124, 'deprel': 'case', 'lemma': 'כ'}, {'id': 124, 'text': 'הגדרה_', 'upos': 'NOUN', 'xpos': 'NOUN', 'feats': 'Definite=Def|Gender=Fem|Number=Sing', 'head': 37, 'deprel': 'dep', 'lemma': 'הגדרה'}, {'id': 125, 'text': '_של_', 'upos': 'ADP', 'xpos': 'ADP', 'head': 126, 'deprel': 'case:gen', 'lemma': 'של'}, {'id': 126, 'text': '_הוא', 'upos': 'PRON', 'xpos': 'PRON', 'feats': 'Case=Gen|Gender=Masc|Number=Sing|Person=3|PronType=Prs', 'head': 124, 'deprel': 'nmod:poss', 'lemma': 'הוא'}]"
"(127, 128)",בסעיף,,,,,,"(346, 351)",,"[{'id': 127, 'text': 'ב', 'upos': 'ADP', 'xpos': 'ADP', 'head': 128, 'deprel': 'case', 'lemma': 'ב'}, {'id': 128, 'text': 'סעיף', 'upos': 'NOUN', 'xpos': 'NOUN', 'feats': 'Gender=Masc|Number=Sing', 'head': 124, 'deprel': 'nmod', 'lemma': 'סעיף'}]"
129,158א,NUM,NUM,,128.0,nmod,"(352, 356)",158א,
130,(,PUNCT,PUNCT,,131.0,punct,"(356, 357)",(,
131,א1,PROPN,PROPN,,44.0,appos,"(357, 359)",א1,
132,),PUNCT,PUNCT,,131.0,punct,"(359, 360)",),
133,(,PUNCT,PUNCT,,134.0,punct,"(360, 361)",(,
134,3,NUM,NUM,,68.0,appos,"(361, 362)",3,
135,),PUNCT,PUNCT,,134.0,punct,"(362, 363)",),
"(136, 137)",לחוק,,,,,,"(364, 368)",,"[{'id': 136, 'text': 'ל', 'upos': 'ADP', 'xpos': 'ADP', 'head': 137, 'deprel': 'case', 'lemma': 'ל'}, {'id': 137, 'text': 'חוק', 'upos': 'NOUN', 'xpos': 'NOUN', 'feats': 'Gender=Masc|Number=Sing', 'head': 94, 'deprel': 'nmod', 'lemma': 'חוק'}]"
1,פטור,NOUN,NOUN,Gender=Masc|Number=Sing,0.0,root,"(1, 5)",פטר,
"(2, 3)",מחובת,,,,,,"(6, 11)",,"[{'id': 2, 'text': 'מ', 'upos': 'ADP', 'xpos': 'ADP', 'head': 1, 'deprel': 'dep', 'lemma': 'מ'}, {'id': 3, 'text': 'חובת', 'upos': 'NOUN', 'xpos': 'NOUN', 'feats': 'Gender=Masc|Number=Sing', 'head': 4, 'deprel': 'advmod', 'lemma': 'חובה'}]"
4,התקנת,NOUN,NOUN,Gender=Masc|Number=Sing,1.0,dep,"(12, 17)",התקנה,
5,2,PUNCT,PUNCT,,1.0,dep,"(18, 19)",2,
1,אלה,PRON,PRON,Gender=Masc|Number=Plur|Person=3|PronType=Dem,2.0,nsubj,"(1, 4)",אלה,
2,סוגי,NOUN,NOUN,Definite=Cons|Gender=Masc|Number=Plur,0.0,root,"(5, 9)",סוג,
"(3, 4)",הבנינים,,,,,,"(10, 17)",,"[{'id': 3, 'text': 'ה', 'upos': 'DET', 'xpos': 'DET', 'feats': 'PronType=Art', 'head': 4, 'deprel': 'det:def', 'lemma': 'ה'}, {'id': 4, 'text': 'בנינים', 'upos': 'NOUN', 'xpos': 'NOUN', 'feats': 'Gender=Masc|Number=Plur', 'head': 2, 'deprel': 'compound:smixut', 'lemma': 'בנין'}]"
"(5, 7)",והמקומות,,,,,,"(18, 26)",,"[{'id': 5, 'text': 'ו', 'upos': 'CCONJ', 'xpos': 'CCONJ', 'head': 7, 'deprel': 'cc', 'lemma': 'ו'}, {'id': 6, 'text': 'ה', 'upos': 'DET', 'xpos': 'DET', 'feats': 'PronType=Art', 'head': 7, 'deprel': 'det:def', 'lemma': 'ה'}, {'id': 7, 'text': 'מקומות', 'upos': 'NOUN', 'xpos': 'NOUN', 'feats': 'Gender=Masc|Number=Plur', 'head': 4, 'deprel': 'conj', 'lemma': 'מקום'}]"
"(8, 9)",הפטורים,,,,,,"(27, 34)",,"[{'id': 8, 'text': 'ה', 'upos': 'SCONJ', 'xpos': 'SCONJ', 'head': 9, 'deprel': 'mark', 'lemma': 'ה'}, {'id': 9, 'text': 'פטורים', 'upos': 'VERB', 'xpos': 'VERB', 'feats': 'Gender=Masc|HebBinyan=PAAL|Number=Plur|Person=1,2,3|VerbForm=Part|Voice=Act', 'head': 4, 'deprel': 'acl:relcl', 'lemma': 'פטר'}]"
"(10, 11)",מחובת,,,,,,"(35, 40)",,"[{'id': 10, 'text': 'מ', 'upos': 'ADP', 'xpos': 'ADP', 'head': 11, 'deprel': 'case', 'lemma': 'מ'}, {'id': 11, 'text': 'חובת', 'upos': 'NOUN', 'xpos': 'NOUN', 'feats': 'Definite=Cons|Gender=Fem|Number=Sing', 'head': 9, 'deprel': 'obl', 'lemma': 'חובה'}]"
"(12, 13)",התקנת,,,,,,"(41, 46)",,"[{'id': 12, 'text': 'ה', 'upos': 'DET', 'xpos': 'DET', 'feats': 'PronType=Art', 'head': 13, 'deprel': 'det:def', 'lemma': 'ה'}, {'id': 13, 'text': 'תקנת', 'upos': 'NOUN', 'xpos': 'NOUN', 'feats': 'Definite=Cons|Gender=Fem|Number=Sing', 'head': 11, 'deprel': 'compound:smixut', 'lemma': 'תקנה'}]"
14,מנגנון,NOUN,NOUN,Definite=Cons|Gender=Masc|Number=Sing,13.0,compound:smixut,"(47, 53)",מנגנון,
15,פיקוד,NOUN,NOUN,Definite=Cons|Gender=Masc|Number=Sing,14.0,compound:smixut,"(54, 59)",פיקוד,
16,שבת,PROPN,PROPN,,15.0,compound:smixut,"(60, 63)",שבת,
"(17, 18)",במעלית,,,,,,"(64, 70)",,"[{'id': 17, 'text': 'ב', 'upos': 'ADP', 'xpos': 'ADP', 'head': 18, 'deprel': 'case', 'lemma': 'ב'}, {'id': 18, 'text': 'מעלית', 'upos': 'NOUN', 'xpos': 'NOUN', 'head': 14, 'deprel': 'nmod', 'lemma': 'מעלית'}]"
19,לפי,ADP,ADP,,20.0,case,"(71, 74)",לפי,
20,מנגנון,NOUN,NOUN,Definite=Cons|Gender=Masc|Number=Sing,184.0,nmod,"(75, 81)",מנגנון,
21,פיקוד,NOUN,NOUN,Definite=Cons|Gender=Masc|Number=Sing,20.0,compound:smixut,"(82, 87)",פיקוד,
22,שבת,PROPN,PROPN,,21.0,compound:smixut,"(88, 91)",שבת,
23,הוראות,NOUN,NOUN,Definite=Cons|Gender=Fem|Number=Plur,232.0,acl,"(92, 98)",הוראה,
"(24, 26)",סעיף,,,,,,"(99, 103)",,"[{'id': 24, 'text': 'סעיף', 'upos': 'NOUN', 'xpos': 'NOUN', 'feats': 'Gender=Masc|Number=Sing', 'head': 23, 'deprel': 'compound:smixut', 'lemma': 'סעיף'}, {'id': 25, 'text': '_של_', 'upos': 'ADP', 'xpos': 'ADP', 'head': 26, 'deprel': 'case:gen', 'lemma': 'של'}, {'id': 26, 'text': '_הף', 'upos': 'PRON', 'xpos': 'PRON', 'feats': 'Case=Gen|Gender=Masc|Number=Sing|Person=3|PronType=Prs', 'head': 24, 'deprel': 'nmod:poss', 'lemma': 'הוא'}]"
27,158א,NUM,NUM,,190.0,nmod,"(104, 108)",158א,
28,(,PUNCT,PUNCT,,29.0,punct,"(108, 109)",(,
29,א1,PROPN,PROPN,HebSource=ConvUncertainHead,195.0,appos,"(109, 111)",א1,
30,),PUNCT,PUNCT,,29.0,punct,"(111, 112)",),
31,(,PUNCT,PUNCT,HebSource=ConvUncertainHead,29.0,punct,"(112, 113)",(,
32,1,NUM,NUM,HebSource=ConvUncertainHead,238.0,appos,"(113, 114)",1,
33,),PUNCT,PUNCT,,32.0,punct,"(114, 115)",),
"(34, 35)",לחוק,,,,,,"(116, 120)",,"[{'id': 34, 'text': 'ל', 'upos': 'ADP', 'xpos': 'ADP', 'head': 35, 'deprel': 'case', 'lemma': 'ל'}, {'id': 35, 'text': 'חוק', 'upos': 'NOUN', 'xpos': 'NOUN', 'feats': 'Gender=Masc|HebSource=ConvUncertainHead|Number=Sing', 'head': 238, 'deprel': 'nmod', 'lemma': 'חוק'}]"
36,:,PUNCT,PUNCT,HebSource=ConvUncertainHead,146.0,punct,"(120, 121)",:,
37,(,PUNCT,PUNCT,,38.0,punct,"(122, 123)",(,
38,1,NUM,NUM,,146.0,appos,"(123, 124)",1,
39,),PUNCT,PUNCT,,38.0,punct,"(124, 125)",),
40,בנין,NOUN,NOUN,Definite=Cons|Gender=Masc|Number=Sing,146.0,dep,"(126, 130)",בניין,
41,מגורים,NOUN,NOUN,Gender=Masc|Number=Plur,40.0,compound:smixut,"(131, 137)",מגורים,
42,",",PUNCT,PUNCT,,40.0,punct,"(137, 138)",",",
43,בית,NOUN,NOUN,Gender=Masc|Number=Sing,40.0,conj,"(139, 142)",בית,
"(44, 46)",לאסיפות,,,,,,"(143, 150)",,"[{'id': 44, 'text': 'ל', 'upos': 'ADP', 'xpos': 'ADP', 'head': 46, 'deprel': 'case', 'lemma': 'ל'}, {'id': 45, 'text': 'ה_', 'upos': 'DET', 'xpos': 'DET', 'feats': 'PronType=Art', 'head': 46, 'deprel': 'det:def', 'lemma': 'ה'}, {'id': 46, 'text': 'אסיפות', 'upos': 'NOUN', 'xpos': 'NOUN', 'feats': 'Gender=Fem|Number=Plur', 'head': 43, 'deprel': 'nmod', 'lemma': 'אסיפה'}]"
"(47, 48)",ובית,,,,,,"(151, 155)",,"[{'id': 47, 'text': 'ו', 'upos': 'CCONJ', 'xpos': 'CCONJ', 'head': 48, 'deprel': 'cc', 'lemma': 'ו'}, {'id': 48, 'text': 'בית', 'upos': 'NOUN', 'xpos': 'NOUN', 'feats': 'Gender=Masc|Number=Sing', 'head': 40, 'deprel': 'conj', 'lemma': 'בית'}]"
"(49, 50)",לעצרות,,,,,,"(156, 162)",,"[{'id': 49, 'text': 'ל', 'upos': 'ADP', 'xpos': 'ADP', 'head': 50, 'deprel': 'case', 'lemma': 'ל'}, {'id': 50, 'text': 'עצרות', 'upos': 'NOUN', 'xpos': 'NOUN', 'feats': 'Definite=Cons|Gender=Fem|Number=Plur', 'head': 48, 'deprel': 'nmod', 'lemma': 'עצרת'}]"
51,עם,NOUN,NOUN,Gender=Masc|Number=Sing,50.0,compound:smixut,"(163, 165)",עם,
52,",",PUNCT,PUNCT,,40.0,punct,"(165, 166)",",",
"(53, 54)",שמצויים,,,,,,"(167, 174)",,"[{'id': 53, 'text': 'ש', 'upos': 'SCONJ', 'xpos': 'SCONJ', 'head': 54, 'deprel': 'mark', 'lemma': 'ש'}, {'id': 54, 'text': 'מצויים', 'upos': 'VERB', 'xpos': 'VERB', 'feats': 'Gender=Masc|HebBinyan=PAAL|Number=Plur|Person=1,2,3|VerbForm=Part|Voice=Act', 'head': 160, 'deprel': 'acl:relcl', 'lemma': 'מצוי'}]"
"(55, 57)",ברשות,,,,,,"(175, 180)",,"[{'id': 55, 'text': 'ב', 'upos': 'ADP', 'xpos': 'ADP', 'head': 57, 'deprel': 'case', 'lemma': 'ב'}, {'id': 56, 'text': 'ה_', 'upos': 'DET', 'xpos': 'DET', 'feats': 'PronType=Art', 'head': 57, 'deprel': 'det:def', 'lemma': 'ה'}, {'id': 57, 'text': 'רשות', 'upos': 'NOUN', 'xpos': 'NOUN', 'feats': 'Gender=Fem|Number=Sing', 'head': 54, 'deprel': 'obl', 'lemma': 'רשות'}]"
58,מקומית,ADJ,ADJ,Gender=Fem|Number=Sing,57.0,amod,"(181, 187)",מקומי,
59,",",PUNCT,PUNCT,,57.0,punct,"(187, 188)",",",
"(60, 62)",ברובע,,,,,,"(189, 194)",,"[{'id': 60, 'text': 'ב', 'upos': 'ADP', 'xpos': 'ADP', 'head': 62, 'deprel': 'case', 'lemma': 'ב'}, {'id': 61, 'text': 'ה_', 'upos': 'DET', 'xpos': 'DET', 'feats': 'PronType=Art', 'head': 62, 'deprel': 'det:def', 'lemma': 'ה'}, {'id': 62, 'text': 'רובע', 'upos': 'NOUN', 'xpos': 'NOUN', 'feats': 'Gender=Masc|Number=Sing', 'head': 57, 'deprel': 'conj', 'lemma': 'רובע'}]"
63,או,CCONJ,CCONJ,,66.0,cc,"(195, 197)",או,
"(64, 66)",בשכונה,,,,,,"(198, 204)",,"[{'id': 64, 'text': 'ב', 'upos': 'ADP', 'xpos': 'ADP', 'head': 66, 'deprel': 'case', 'lemma': 'ב'}, {'id': 65, 'text': 'ה_', 'upos': 'DET', 'xpos': 'DET', 'feats': 'PronType=Art', 'head': 66, 'deprel': 'det:def', 'lemma': 'ה'}, {'id': 66, 'text': 'שכונה', 'upos': 'NOUN', 'xpos': 'NOUN', 'feats': 'Gender=Fem|Number=Sing', 'head': 57, 'deprel': 'conj', 'lemma': 'שכונה'}]"
"(67, 68)",ששיעור,,,,,,"(205, 211)",,"[{'id': 67, 'text': 'ש', 'upos': 'SCONJ', 'xpos': 'SCONJ', 'head': 72, 'deprel': 'mark', 'lemma': 'ש'}, {'id': 68, 'text': 'שיעור', 'upos': 'NOUN', 'xpos': 'NOUN', 'feats': 'Definite=Cons|Gender=Masc|Number=Sing', 'head': 88, 'deprel': 'nsubj', 'lemma': 'שיעור'}]"
"(69, 70)",היהודים,,,,,,"(212, 219)",,"[{'id': 69, 'text': 'ה', 'upos': 'DET', 'xpos': 'DET', 'feats': 'PronType=Art', 'head': 70, 'deprel': 'det:def', 'lemma': 'ה'}, {'id': 70, 'text': 'יהודים', 'upos': 'NOUN', 'xpos': 'NOUN', 'feats': 'Gender=Masc|Number=Plur', 'head': 68, 'deprel': 'compound:smixut', 'lemma': 'יהודי'}]"
"(71, 72)",המתגוררים,,,,,,"(220, 229)",,"[{'id': 71, 'text': 'ה', 'upos': 'SCONJ', 'xpos': 'SCONJ', 'head': 72, 'deprel': 'mark', 'lemma': 'ה'}, {'id': 72, 'text': 'מתגוררים', 'upos': 'VERB', 'xpos': 'VERB', 'feats': 'Gender=Masc|HebBinyan=HITPAEL|Number=Plur|Person=1,2,3|VerbForm=Part', 'head': 70, 'deprel': 'acl:relcl', 'lemma': 'התגורר'}]"
"(73, 74)",בהם,,,,,,"(230, 233)",,"[{'id': 73, 'text': 'ב_', 'upos': 'ADP', 'xpos': 'ADP', 'head': 74, 'deprel': 'case', 'lemma': 'ב'}, {'id': 74, 'text': '_הם', 'upos': 'PRON', 'xpos': 'PRON', 'feats': 'Gender=Masc|Number=Plur|Person=3|PronType=Prs', 'head': 72, 'deprel': 'obl', 'lemma': 'הוא'}]"
75,דרך,NOUN,NOUN,Definite=Cons|Gender=Fem|Number=Sing,72.0,dep,"(234, 237)",דרך,
76,קבע,NOUN,NOUN,Gender=Masc|Number=Sing,75.0,compound:smixut,"(238, 241)",קבע,
77,",",PUNCT,PUNCT,,88.0,punct,"(241, 242)",",",
78,לפי,ADP,ADP,,79.0,case,"(243, 246)",לפי,
79,נתוני,NOUN,NOUN,Definite=Cons|Gender=Masc|Number=Plur,88.0,obl,"(247, 252)",נתון,
"(80, 81)",הלשכה,,,,,,"(253, 258)",,"[{'id': 80, 'text': 'ה', 'upos': 'DET', 'xpos': 'DET', 'feats': 'PronType=Art', 'head': 81, 'deprel': 'det:def', 'lemma': 'ה'}, {'id': 81, 'text': 'לשכה', 'upos': 'NOUN', 'xpos': 'NOUN', 'feats': 'Gender=Fem|Number=Sing', 'head': 79, 'deprel': 'compound:smixut', 'lemma': 'לשכה'}]"
"(82, 83)",המרכזית,,,,,,"(259, 266)",,"[{'id': 82, 'text': 'ה', 'upos': 'DET', 'xpos': 'DET', 'feats': 'PronType=Art', 'head': 83, 'deprel': 'det:def', 'lemma': 'ה'}, {'id': 83, 'text': 'מרכזית', 'upos': 'ADJ', 'xpos': 'ADJ', 'feats': 'Gender=Fem|HebSource=ConvUncertainLabel|Number=Sing', 'head': 81, 'deprel': 'nmod', 'lemma': 'מרכזי'}]"
"(84, 85)",לסטטיסטיקה,,,,,,"(267, 277)",,"[{'id': 84, 'text': 'ל', 'upos': 'ADP', 'xpos': 'ADP', 'head': 85, 'deprel': 'case', 'lemma': 'ל'}, {'id': 85, 'text': 'סטטיסטיקה', 'upos': 'NOUN', 'xpos': 'NOUN', 'feats': 'Gender=Fem|HebSource=ConvUncertainLabel|Number=Sing', 'head': 81, 'deprel': 'nmod', 'lemma': 'סטטיסטיקה'}]"
86,",",PUNCT,PUNCT,,88.0,punct,"(277, 278)",",",
87,אינו,AUX,AUX,Gender=Masc|Number=Sing|Person=3|Polarity=Neg|VerbForm=Part|VerbType=Cop,88.0,advmod,"(279, 283)",אינו,
88,עולה,VERB,VERB,"Gender=Masc|HebBinyan=PAAL|Number=Sing|Person=1,2,3|VerbForm=Part|Voice=Act",260.0,acl:relcl,"(284, 288)",עלה,
89,על,ADP,ADP,,91.0,case,"(289, 291)",על,
90,עשרה,NUM,NUM,Gender=Masc|Number=Sing,91.0,nummod,"(292, 296)",עשרה,
91,אחוזים,NOUN,NOUN,Gender=Masc|Number=Plur,88.0,obl,"(297, 303)",אחוז,
"(92, 93)",מכלל,,,,,,"(304, 308)",,"[{'id': 92, 'text': 'מ', 'upos': 'ADP', 'xpos': 'ADP', 'head': 93, 'deprel': 'case', 'lemma': 'מ'}, {'id': 93, 'text': 'כלל', 'upos': 'NOUN', 'xpos': 'NOUN', 'feats': 'Definite=Cons|Gender=Masc|Number=Sing', 'head': 91, 'deprel': 'nmod', 'lemma': 'כלל'}]"
"(94, 95)",התושבים,,,,,,"(309, 316)",,"[{'id': 94, 'text': 'ה', 'upos': 'DET', 'xpos': 'DET', 'feats': 'PronType=Art', 'head': 95, 'deprel': 'det:def', 'lemma': 'ה'}, {'id': 95, 'text': 'תושבים', 'upos': 'NOUN', 'xpos': 'NOUN', 'feats': 'Gender=Masc|Number=Plur', 'head': 93, 'deprel': 'compound:smixut', 'lemma': 'תושב'}]"
96,;,PUNCT,PUNCT,HebSource=ConvUncertainHead,100.0,cc,"(316, 317)",;,
97,(,PUNCT,PUNCT,,98.0,punct,"(318, 319)",(,
98,2,NUM,NUM,,146.0,appos,"(319, 320)",2,
99,),PUNCT,PUNCT,,98.0,punct,"(320, 321)",),
100,בנין,NOUN,NOUN,Gender=Masc|Number=Sing,146.0,conj,"(322, 326)",בניין,
101,ציבורי,ADJ,ADJ,Gender=Masc|Number=Sing,100.0,amod,"(327, 333)",ציבורי,
"(102, 103)",למעט,,,,,,"(334, 338)",,"[{'id': 102, 'text': 'ל', 'upos': 'ADP', 'xpos': 'ADP', 'head': 105, 'deprel': 'case', 'lemma': 'ל'}, {'id': 103, 'text': 'מעט', 'upos': 'DET', 'xpos': 'DET', 'feats': 'Definite=Cons', 'head': 105, 'deprel': 'det', 'lemma': 'מעט'}]"
"(104, 105)",הבנינים,,,,,,"(339, 346)",,"[{'id': 104, 'text': 'ה', 'upos': 'DET', 'xpos': 'DET', 'feats': 'PronType=Art', 'head': 105, 'deprel': 'det:def', 'lemma': 'ה'}, {'id': 105, 'text': 'בנינים', 'upos': 'NOUN', 'xpos': 'NOUN', 'feats': 'Gender=Masc|Number=Plur', 'head': 40, 'deprel': 'nmod', 'lemma': 'בנין'}]"
"(106, 107)",המפורטים,,,,,,"(347, 355)",,"[{'id': 106, 'text': 'ה', 'upos': 'SCONJ', 'xpos': 'SCONJ', 'head': 107, 'deprel': 'mark', 'lemma': 'ה'}, {'id': 107, 'text': 'מפורטים', 'upos': 'VERB', 'xpos': 'VERB', 'feats': 'Gender=Masc|HebBinyan=PUAL|Number=Plur|Person=1,2,3|VerbForm=Part|Voice=Pass', 'head': 105, 'deprel': 'acl:relcl', 'lemma': 'פורט'}]"
"(108, 109)",להלן,,,,,,"(356, 360)",,"[{'id': 108, 'text': 'ל', 'upos': 'ADP', 'xpos': 'ADP', 'head': 109, 'deprel': 'case', 'lemma': 'ל'}, {'id': 109, 'text': 'הלן', 'upos': 'PROPN', 'xpos': 'PROPN', 'head': 107, 'deprel': 'obl', 'lemma': 'הלן'}]"
110,:,PUNCT,PUNCT,HebSource=ConvUncertainHead,2.0,punct,"(360, 361)",:,
111,(,PUNCT,PUNCT,,112.0,punct,"(362, 363)",(,
112,א,PROPN,PROPN,HebSource=ConvUncertainHead,2.0,appos,"(363, 364)",א,
113,),PUNCT,PUNCT,,112.0,punct,"(364, 365)",),
114,בית,NOUN,NOUN,Definite=Cons|Gender=Masc|HebSource=ConvUncertainHead|Number=Sing,214.0,acl,"(366, 369)",בית,
115,אבות,NOUN,NOUN,Gender=Masc|Number=Sing,15.0,compound:smixut,"(370, 374)",אב,
116,",",PUNCT,PUNCT,,112.0,punct,"(374, 375)",",",
117,אלא,CCONJ,CCONJ,,123.0,advcl,"(376, 379)",אלא,
118,אם,SCONJ,SCONJ,HebSource=ConvUncertainHead,117.0,dep,"(380, 382)",אם,
119,כן,PRON,PRON,Person=3|PronType=Dem,117.0,dep,"(383, 385)",כן,
120,בית,NOUN,NOUN,Definite=Cons|Gender=Masc|Number=Sing,123.0,nsubj,"(386, 389)",בית,
"(121, 122)",האבות,,,,,,"(390, 395)",,"[{'id': 121, 'text': 'ה', 'upos': 'DET', 'xpos': 'DET', 'feats': 'PronType=Art', 'head': 122, 'deprel': 'det:def', 'lemma': 'ה'}, {'id': 122, 'text': 'אבות', 'upos': 'NOUN', 'xpos': 'NOUN', 'feats': 'Gender=Masc|Number=Sing', 'head': 120, 'deprel': 'compound:smixut', 'lemma': 'אב'}]"
123,מיועד,VERB,VERB,"Gender=Masc|HebBinyan=PUAL|Number=Sing|Person=1,2,3|VerbForm=Part|Voice=Pass",238.0,advcl,"(396, 401)",יועד,
"(124, 125)",לאוכלוסיה,,,,,,"(402, 411)",,"[{'id': 124, 'text': 'ל', 'upos': 'ADP', 'xpos': 'ADP', 'head': 125, 'deprel': 'case', 'lemma': 'ל'}, {'id': 125, 'text': 'אוכלוסיה', 'upos': 'NOUN', 'xpos': 'NOUN', 'feats': 'Gender=Fem|Number=Sing', 'head': 243, 'deprel': 'obl', 'lemma': 'אוכלוסיה'}]"
"(126, 127)",שאינה,,,,,,"(412, 417)",,"[{'id': 126, 'text': 'ש', 'upos': 'SCONJ', 'xpos': 'SCONJ', 'head': 128, 'deprel': 'mark', 'lemma': 'ש'}, {'id': 127, 'text': 'אינה', 'upos': 'AUX', 'xpos': 'AUX', 'feats': 'Gender=Fem|Number=Sing|Person=3|Polarity=Neg|VerbForm=Part|VerbType=Cop', 'head': 128, 'deprel': 'advmod', 'lemma': 'אינו'}]"
128,יהודית,ADJ,ADJ,Gender=Fem|Number=Sing,125.0,acl:relcl,"(418, 424)",יהודי,
129,;,PUNCT,PUNCT,HebSource=ConvUncertainHead,184.0,cc,"(424, 425)",;,
130,(,PUNCT,PUNCT,,131.0,punct,"(426, 427)",(,
131,ב,PROPN,PROPN,,184.0,appos,"(427, 428)",ב,
132,),PUNCT,PUNCT,,131.0,punct,"(428, 429)",),
133,בית,NOUN,NOUN,Definite=Cons|Gender=Masc|Number=Sing,214.0,conj,"(430, 433)",בית,
134,חולים,VERB,VERB,"Gender=Masc|HebBinyan=PAAL|Number=Plur|Person=1,2,3|VerbForm=Part|Voice=Act",195.0,amod,"(434, 439)",חלה,
135,;,PUNCT,PUNCT,HebSource=ConvUncertainHead,238.0,cc,"(439, 440)",;,
136,(,PUNCT,PUNCT,,29.0,punct,"(441, 442)",(,
137,ג,PROPN,PROPN,,146.0,conj,"(442, 443)",ג,
138,),PUNCT,PUNCT,,137.0,punct,"(443, 444)",),
139,בית,NOUN,NOUN,Gender=Masc|Number=Sing,146.0,conj,"(445, 448)",בית,
"(140, 141)",כנסת,,,,,,"(449, 453)",,"[{'id': 140, 'text': 'כ', 'upos': 'ADP', 'xpos': 'ADP', 'head': 141, 'deprel': 'case', 'lemma': 'כ'}, {'id': 141, 'text': 'נסת', 'upos': 'PROPN', 'xpos': 'PROPN', 'head': 70, 'deprel': 'nmod', 'lemma': 'נסת'}]"
142,;,PUNCT,PUNCT,HebSource=ConvUncertainHead,2.0,cc,"(453, 454)",;,
143,(,PUNCT,PUNCT,,144.0,punct,"(455, 456)",(,
144,ד,PROPN,PROPN,,146.0,dep,"(456, 457)",ד,
145,),PUNCT,PUNCT,,144.0,punct,"(457, 458)",),
146,בית,NOUN,NOUN,Definite=Cons|Gender=Masc|Number=Sing,184.0,conj,"(459, 462)",בית,
147,מלון,NOUN,NOUN,Gender=Masc|Number=Sing,146.0,compound:smixut,"(463, 467)",מלון,
148,",",PUNCT,PUNCT,,146.0,punct,"(467, 468)",",",
"(149, 151)",פנסיון,,,,,,"(469, 475)",,"[{'id': 149, 'text': 'פנסיון', 'upos': 'NOUN', 'xpos': 'NOUN', 'feats': 'Definite=Cons|Gender=Masc|Number=Sing', 'head': 146, 'deprel': 'dep', 'lemma': 'פנסיון'}, {'id': 150, 'text': 'את', 'upos': 'ADP', 'xpos': 'ADP', 'feats': 'Case=Acc', 'head': 151, 'deprel': 'case', 'lemma': 'את'}, {'id': 151, 'text': '_הן', 'upos': 'PRON', 'xpos': 'PRON', 'feats': 'Case=Acc|Gender=Fem|Number=Plur|Person=3|PronType=Prs', 'head': 149, 'deprel': 'nmod:poss', 'lemma': 'הוא'}]"
152,",",PUNCT,PUNCT,,146.0,punct,"(475, 476)",",",
153,בית,NOUN,NOUN,Gender=Masc|Number=Sing,146.0,conj,"(477, 480)",בית,
154,מרגוע,ADJ,ADJ,Gender=Masc|Number=Sing,46.0,amod,"(481, 486)",מרגוע,
155,",",PUNCT,PUNCT,,146.0,punct,"(486, 487)",",",
156,בית,NOUN,NOUN,Definite=Cons|Gender=Masc|Number=Sing,146.0,conj,"(488, 491)",בית,
157,אירוח,NOUN,NOUN,Gender=Masc|Number=Sing,156.0,compound:smixut,"(492, 497)",אירוח,
"(158, 159)",וכל,,,,,,"(498, 501)",,"[{'id': 158, 'text': 'ו', 'upos': 'CCONJ', 'xpos': 'CCONJ', 'head': 160, 'deprel': 'cc', 'lemma': 'ו'}, {'id': 159, 'text': 'כל', 'upos': 'DET', 'xpos': 'DET', 'feats': 'Definite=Cons', 'head': 160, 'deprel': 'det', 'lemma': 'כול'}]"
160,מקום,NOUN,NOUN,Gender=Masc|Number=Sing,4.0,conj,"(502, 506)",מקום,
"(161, 163)",כיוצא,,,,,,"(507, 512)",,"[{'id': 161, 'text': 'כ', 'upos': 'ADP', 'xpos': 'ADP', 'head': 163, 'deprel': 'case', 'lemma': 'כ'}, {'id': 162, 'text': 'ה_', 'upos': 'DET', 'xpos': 'DET', 'feats': 'PronType=Art', 'head': 163, 'deprel': 'det:def', 'lemma': 'ה'}, {'id': 163, 'text': 'יוצא', 'upos': 'NOUN', 'xpos': 'NOUN', 'feats': 'Gender=Masc|Number=Sing', 'head': 160, 'deprel': 'nmod', 'lemma': 'יוצא'}]"
"(164, 166)",באלה,,,,,,"(513, 517)",,"[{'id': 164, 'text': 'ב', 'upos': 'ADP', 'xpos': 'ADP', 'head': 166, 'deprel': 'case', 'lemma': 'ב'}, {'id': 165, 'text': 'ה_', 'upos': 'DET', 'xpos': 'DET', 'feats': 'PronType=Art', 'head': 166, 'deprel': 'det:def', 'lemma': 'ה'}, {'id': 166, 'text': 'אלה', 'upos': 'PRON', 'xpos': 'PRON', 'feats': 'Gender=Masc|Number=Plur|Person=3|PronType=Dem', 'head': 4, 'deprel': 'nmod', 'lemma': 'אלה'}]"
"(167, 169)",שבו,,,,,,"(518, 521)",,"[{'id': 167, 'text': 'ש', 'upos': 'SCONJ', 'xpos': 'SCONJ', 'head': 170, 'deprel': 'mark', 'lemma': 'ש'}, {'id': 168, 'text': 'ב_', 'upos': 'ADP', 'xpos': 'ADP', 'head': 169, 'deprel': 'case', 'lemma': 'ב'}, {'id': 169, 'text': '_הוא', 'upos': 'PRON', 'xpos': 'PRON', 'feats': 'Gender=Masc|Number=Sing|Person=3|PronType=Prs', 'head': 170, 'deprel': 'obl', 'lemma': 'הוא'}]"
170,מספקים,VERB,VERB,"Gender=Masc|HebBinyan=PIEL|Number=Plur|Person=1,2,3|VerbForm=Part|Voice=Act",4.0,acl:relcl,"(522, 528)",סיפק,
171,לינה,NOUN,NOUN,Gender=Fem|Number=Sing,170.0,obj,"(529, 533)",לינה,
"(172, 173)",בתמורה,,,,,,"(534, 540)",,"[{'id': 172, 'text': 'ב', 'upos': 'ADP', 'xpos': 'ADP', 'head': 173, 'deprel': 'case', 'lemma': 'ב'}, {'id': 173, 'text': 'תמורה', 'upos': 'NOUN', 'xpos': 'NOUN', 'feats': 'Gender=Fem|Number=Sing', 'head': 171, 'deprel': 'nmod', 'lemma': 'תמורה'}]"
"(174, 176)",והמכיל,,,,,,"(541, 547)",,"[{'id': 174, 'text': 'ו', 'upos': 'CCONJ', 'xpos': 'CCONJ', 'head': 176, 'deprel': 'cc', 'lemma': 'ו'}, {'id': 175, 'text': 'ה', 'upos': 'DET', 'xpos': 'DET', 'feats': 'PronType=Art', 'head': 176, 'deprel': 'mark', 'lemma': 'ה'}, {'id': 176, 'text': 'מכיל', 'upos': 'VERB', 'xpos': 'VERB', 'feats': 'Gender=Masc|HebBinyan=HIFIL|Number=Sing|Person=1,2,3|VerbForm=Part|Voice=Act', 'head': 170, 'deprel': 'conj', 'lemma': 'הכיל'}]"
177,20,NUM,NUM,,178.0,nummod,"(548, 550)",20,
178,מיטות,NOUN,NOUN,Gender=Fem|Number=Plur,176.0,obj,"(551, 556)",מיטה,
179,לפחות,ADV,ADV,,178.0,advmod,"(557, 562)",לפחות,
180,;,PUNCT,PUNCT,HebSource=ConvUncertainHead,2.0,dep,"(562, 563)",;,
181,(,PUNCT,PUNCT,,184.0,punct,"(564, 565)",(,
182,ה,DET,DET,PronType=Art,2.0,parataxis,"(565, 566)",ה,
183,),PUNCT,PUNCT,,2.0,punct,"(566, 567)",),
184,בית,NOUN,NOUN,Definite=Cons|Gender=Masc|Number=Sing,2.0,conj,"(568, 571)",בית,
185,ספר,NOUN,NOUN,Gender=Masc|Number=Sing,21.0,compound:smixut,"(572, 575)",ספר,
186,;,PUNCT,PUNCT,,184.0,cc,"(575, 576)",;,
187,(,PUNCT,PUNCT,,188.0,punct,"(577, 578)",(,
188,ו,PROPN,PROPN,,184.0,appos,"(578, 579)",ו,
189,),PUNCT,PUNCT,,188.0,punct,"(579, 580)",),
190,בית,NOUN,NOUN,Gender=Masc|Number=Sing,184.0,conj,"(581, 584)",בית,
"(191, 193)",לאסיפות,,,,,,"(585, 592)",,"[{'id': 191, 'text': 'ל', 'upos': 'ADP', 'xpos': 'ADP', 'head': 193, 'deprel': 'case', 'lemma': 'ל'}, {'id': 192, 'text': 'ה_', 'upos': 'DET', 'xpos': 'DET', 'feats': 'PronType=Art', 'head': 193, 'deprel': 'det:def', 'lemma': 'ה'}, {'id': 193, 'text': 'אסיפות', 'upos': 'NOUN', 'xpos': 'NOUN', 'feats': 'Gender=Fem|Number=Plur', 'head': 24, 'deprel': 'nmod', 'lemma': 'אסיפה'}]"
"(194, 195)",ובית,,,,,,"(593, 597)",,"[{'id': 194, 'text': 'ו', 'upos': 'CCONJ', 'xpos': 'CCONJ', 'head': 195, 'deprel': 'cc', 'lemma': 'ו'}, {'id': 195, 'text': 'בית', 'upos': 'NOUN', 'xpos': 'NOUN', 'feats': 'Gender=Masc|Number=Sing', 'head': 190, 'deprel': 'conj', 'lemma': 'בית'}]"
"(196, 197)",לעצרות,,,,,,"(598, 604)",,"[{'id': 196, 'text': 'ל', 'upos': 'ADP', 'xpos': 'ADP', 'head': 197, 'deprel': 'case', 'lemma': 'ל'}, {'id': 197, 'text': 'עצרות', 'upos': 'NOUN', 'xpos': 'NOUN', 'feats': 'Definite=Cons|Gender=Fem|Number=Plur', 'head': 195, 'deprel': 'nmod', 'lemma': 'עצרת'}]"
198,עם,NOUN,NOUN,Gender=Masc|Number=Sing,197.0,compound:smixut,"(605, 607)",עם,
"(199, 200)",המיועד,,,,,,"(608, 614)",,"[{'id': 199, 'text': 'ה', 'upos': 'SCONJ', 'xpos': 'SCONJ', 'head': 200, 'deprel': 'mark', 'lemma': 'ה'}, {'id': 200, 'text': 'מיועד', 'upos': 'VERB', 'xpos': 'VERB', 'feats': 'Gender=Masc|HebBinyan=PUAL|Number=Sing|Person=1,2,3|VerbForm=Part|Voice=Pass', 'head': 195, 'deprel': 'acl:relcl', 'lemma': 'יועד'}]"
"(201, 202)",לפעילות,,,,,,"(615, 622)",,"[{'id': 201, 'text': 'ל', 'upos': 'ADP', 'xpos': 'ADP', 'head': 202, 'deprel': 'case', 'lemma': 'ל'}, {'id': 202, 'text': 'פעילות', 'upos': 'NOUN', 'xpos': 'NOUN', 'feats': 'Definite=Cons|Gender=Fem|Number=Sing', 'head': 200, 'deprel': 'obl', 'lemma': 'פעילות'}]"
203,תרבות,NOUN,NOUN,Gender=Fem|Number=Sing,202.0,compound:smixut,"(623, 628)",תרבות,
204,",",PUNCT,PUNCT,,203.0,punct,"(628, 629)",",",
205,נוער,NOUN,NOUN,Gender=Masc|Number=Sing,203.0,conj,"(630, 634)",נוער,
206,",",PUNCT,PUNCT,,203.0,punct,"(634, 635)",",",
207,ספורט,NOUN,NOUN,Gender=Masc|Number=Sing,203.0,conj,"(636, 641)",ספורט,
208,או,CCONJ,CCONJ,,209.0,cc,"(642, 644)",או,
209,מדע,NOUN,NOUN,Gender=Masc|Number=Sing,203.0,conj,"(645, 648)",מדע,
210,;,PUNCT,PUNCT,,214.0,cc,"(648, 649)",;,
211,(,PUNCT,PUNCT,,230.0,punct,"(650, 651)",(,
212,ז,PROPN,PROPN,,4.0,conj,"(651, 652)",ז,
213,),PUNCT,PUNCT,,212.0,punct,"(652, 653)",),
214,בנין,NOUN,NOUN,Gender=Masc|Number=Sing,2.0,conj,"(654, 658)",בניין,
215,ציבורי,ADJ,ADJ,Gender=Masc|Number=Sing,214.0,amod,"(659, 665)",ציבורי,
216,אחר,ADJ,ADJ,Gender=Masc|Number=Sing,214.0,amod,"(666, 669)",אחר,
"(217, 218)",שלדעת,,,,,,"(670, 675)",,"[{'id': 217, 'text': 'ש', 'upos': 'SCONJ', 'xpos': 'SCONJ', 'head': 176, 'deprel': 'mark', 'lemma': 'ש'}, {'id': 218, 'text': 'לדעת', 'upos': 'VERB', 'xpos': 'VERB', 'head': 220, 'deprel': 'case', 'lemma': 'ידע'}]"
"(219, 220)",הועדה,,,,,,"(676, 681)",,"[{'id': 219, 'text': 'ה', 'upos': 'DET', 'xpos': 'DET', 'feats': 'PronType=Art', 'head': 220, 'deprel': 'det:def', 'lemma': 'ה'}, {'id': 220, 'text': 'ועדה', 'upos': 'NOUN', 'xpos': 'NOUN', 'feats': 'Gender=Fem|Number=Sing', 'head': 114, 'deprel': 'nmod', 'lemma': 'ועדה'}]"
221,יהיה,AUX,AUX,Gender=Masc|Number=Sing|Person=3|Polarity=Pos|Tense=Fut|VerbType=Cop,222.0,cop,"(682, 686)",היה,
"(222, 224)",פתוח בשבת,,,,,,"(687, 696)",,"[{'id': 222, 'text': 'פתוחחצשבת', 'upos': 'VERB', 'xpos': 'VERB', 'head': 170, 'deprel': 'xcomp', 'lemma': 'פתוחחט'}, {'id': 223, 'text': 'את', 'upos': 'ADP', 'xpos': 'ADP', 'feats': 'Case=Acc', 'head': 224, 'deprel': 'case', 'lemma': 'את'}, {'id': 224, 'text': '_אנה', 'upos': 'PRON', 'xpos': 'PRON', 'head': 222, 'deprel': 'obj', 'lemma': 'הוא'}]"
225,או,CCONJ,CCONJ,,227.0,cc,"(697, 699)",או,
"(226, 227)",בחג,,,,,,"(700, 703)",,"[{'id': 226, 'text': 'ב', 'upos': 'ADP', 'xpos': 'ADP', 'head': 227, 'deprel': 'case', 'lemma': 'ב'}, {'id': 227, 'text': 'חג', 'upos': 'NOUN', 'xpos': 'NOUN', 'feats': 'Gender=Masc|Number=Sing', 'head': 222, 'deprel': 'conj', 'lemma': 'חג'}]"
228,;,PUNCT,PUNCT,HebSource=ConvUncertainHead,184.0,cc,"(703, 704)",;,
229,(,PUNCT,PUNCT,,230.0,punct,"(705, 706)",(,
230,3,NUM,NUM,,214.0,appos,"(706, 707)",3,
231,),PUNCT,PUNCT,,230.0,punct,"(707, 708)",),
232,בנין,NOUN,NOUN,Gender=Masc|Number=Sing,184.0,conj,"(709, 713)",בניין,
"(233, 234)",מגורים,,,,,,"(714, 720)",,"[{'id': 233, 'text': 'מ', 'upos': 'ADP', 'xpos': 'ADP', 'head': 234, 'deprel': 'case', 'lemma': 'מ'}, {'id': 234, 'text': 'גורים', 'upos': 'NOUN', 'xpos': 'NOUN', 'feats': 'Gender=Masc|Number=Plur', 'head': 232, 'deprel': 'nmod', 'lemma': 'גורי'}]"
"(235, 236)",שרק,,,,,,"(721, 724)",,"[{'id': 235, 'text': 'ש', 'upos': 'SCONJ', 'xpos': 'SCONJ', 'head': 238, 'deprel': 'mark', 'lemma': 'ש'}, {'id': 236, 'text': 'רק', 'upos': 'ADV', 'xpos': 'ADV', 'head': 238, 'deprel': 'advmod', 'lemma': 'רק'}]"
"(237, 238)",מעלית,,,,,,"(725, 730)",,"[{'id': 237, 'text': 'מ', 'upos': 'ADP', 'xpos': 'ADP', 'head': 238, 'deprel': 'case', 'lemma': 'מ'}, {'id': 238, 'text': 'עלית', 'upos': 'NOUN', 'xpos': 'NOUN', 'feats': 'Gender=Fem|Number=Sing', 'head': 232, 'deprel': 'acl:relcl', 'lemma': 'עלית'}]"
239,אחת,NUM,NUM,Gender=Fem|Number=Sing,238.0,nummod,"(731, 734)",אחת,
"(240, 242)",שבו,,,,,,"(735, 738)",,"[{'id': 240, 'text': 'ש', 'upos': 'SCONJ', 'xpos': 'SCONJ', 'head': 243, 'deprel': 'mark', 'lemma': 'ש'}, {'id': 241, 'text': 'ב_', 'upos': 'ADP', 'xpos': 'ADP', 'head': 242, 'deprel': 'case', 'lemma': 'ב'}, {'id': 242, 'text': '_הוא', 'upos': 'PRON', 'xpos': 'PRON', 'feats': 'Gender=Masc|Number=Sing|Person=3|PronType=Prs', 'head': 243, 'deprel': 'obl', 'lemma': 'הוא'}]"
243,מגיעה,VERB,VERB,"Gender=Fem|HebBinyan=HIFIL|Number=Sing|Person=1,2,3|VerbForm=Part|Voice=Act",195.0,acl:relcl,"(739, 744)",הגיע,
"(244, 245)",לכל,,,,,,"(745, 748)",,"[{'id': 244, 'text': 'ל', 'upos': 'ADP', 'xpos': 'ADP', 'head': 246, 'deprel': 'case', 'lemma': 'ל'}, {'id': 245, 'text': 'כל', 'upos': 'DET', 'xpos': 'DET', 'feats': 'Definite=Cons', 'head': 246, 'deprel': 'det', 'lemma': 'כול'}]"
246,קומה,NOUN,NOUN,Gender=Fem|Number=Sing,243.0,obl,"(749, 753)",קומה,
247,מקומות,NOUN,NOUN,Definite=Cons|Gender=Masc|Number=Plur,246.0,compound:smixut,"(754, 760)",מקום,
"(248, 249)",הבנין,,,,,,"(761, 766)",,"[{'id': 248, 'text': 'ה', 'upos': 'DET', 'xpos': 'DET', 'feats': 'PronType=Art', 'head': 249, 'deprel': 'det:def', 'lemma': 'ה'}, {'id': 249, 'text': 'בנין', 'upos': 'NOUN', 'xpos': 'NOUN', 'feats': 'Gender=Masc|Number=Sing', 'head': 247, 'deprel': 'compound:smixut', 'lemma': 'בניין'}]"
250,;,PUNCT,PUNCT,HebSource=ConvUncertainHead,252.0,cc,"(766, 767)",;,
251,"""",PUNCT,PUNCT,,252.0,punct,"(768, 769)","""",
252,קומה,NOUN,NOUN,Gender=Fem|Number=Sing,40.0,conj,"(769, 773)",קומה,
253,"""",PUNCT,PUNCT,,252.0,punct,"(773, 774)","""",
254,",",PUNCT,PUNCT,,252.0,punct,"(774, 775)",",",
"(255, 256)",לענין,,,,,,"(776, 781)",,"[{'id': 255, 'text': 'ל', 'upos': 'ADP', 'xpos': 'ADP', 'head': 256, 'deprel': 'case', 'lemma': 'ל'}, {'id': 256, 'text': 'ענין', 'upos': 'NOUN', 'xpos': 'NOUN', 'feats': 'Gender=Masc|Number=Sing', 'head': 91, 'deprel': 'nmod', 'lemma': 'עניין'}]"
257,זה,PRON,PRON,Gender=Masc|Number=Sing|Person=3|PronType=Dem,256.0,det,"(782, 784)",זה,
258,–,PUNCT,PUNCT,,260.0,punct,"(785, 786)",–,
259,למעט,CCONJ,CCONJ,,260.0,case,"(787, 791)",למעט,
260,קומה,NOUN,NOUN,Gender=Fem|Number=Sing,40.0,nmod,"(792, 796)",קומה,
"(261, 262)",המשמשת,,,,,,"(797, 803)",,"[{'id': 261, 'text': 'ה', 'upos': 'SCONJ', 'xpos': 'SCONJ', 'head': 262, 'deprel': 'mark', 'lemma': 'ה'}, {'id': 262, 'text': 'משמשת', 'upos': 'VERB', 'xpos': 'VERB', 'feats': 'Gender=Fem|HebBinyan=PIEL|Number=Sing|Person=1,2,3|VerbForm=Part|Voice=Act', 'head': 260, 'deprel': 'acl:relcl', 'lemma': 'שימש'}]"
"(263, 265)",לחניה,,,,,,"(804, 809)",,"[{'id': 263, 'text': 'לחן_', 'upos': 'NOUN', 'xpos': 'NOUN', 'feats': 'Definite=Def|Gender=Masc|Number=Sing', 'head': 262, 'deprel': 'obl', 'lemma': 'לחן'}, {'id': 264, 'text': '_של_', 'upos': 'ADP', 'xpos': 'ADP', 'head': 265, 'deprel': 'case:gen', 'lemma': 'של'}, {'id': 265, 'text': '_היא', 'upos': 'PRON', 'xpos': 'PRON', 'feats': 'Case=Gen|Gender=Fem|Number=Sing|Person=3|PronType=Prs', 'head': 263, 'deprel': 'nmod:poss', 'lemma': 'הוא'}]"
"(266, 266)",או,,,,,,"(810, 812)",,"[{'id': 266, 'text': 'או', 'upos': 'CCONJ', 'xpos': 'CCONJ', 'head': 268, 'deprel': 'cc', 'lemma': 'או'}]"
"(267, 268)",למרתף,,,,,,"(813, 818)",,"[{'id': 267, 'text': 'ל', 'upos': 'ADP', 'xpos': 'ADP', 'head': 268, 'deprel': 'case', 'lemma': 'ל'}, {'id': 268, 'text': 'מרתף', 'upos': 'NOUN', 'xpos': 'NOUN', 'feats': 'Gender=Masc|Number=Sing', 'head': 263, 'deprel': 'conj', 'lemma': 'מרתף'}]"
1,תחילה,ADV,ADV,,0.0,root,"(1, 6)",תחילה,
"(2, 3)",ותחולה,,,,,,"(7, 13)",,"[{'id': 2, 'text': 'ו', 'upos': 'CCONJ', 'xpos': 'CCONJ', 'head': 3, 'deprel': 'cc', 'lemma': 'ו'}, {'id': 3, 'text': 'תחולה', 'upos': 'ADV', 'xpos': 'ADV', 'head': 1, 'deprel': 'conj', 'lemma': 'תחולה'}]"
4,3,NUM,NUM,,1.0,nummod,"(14, 15)",3,
1,(,PUNCT,PUNCT,,2.0,punct,"(1, 2)",(,
2,א,PROPN,PROPN,,0.0,root,"(2, 3)",א,
3,),PUNCT,PUNCT,,2.0,punct,"(3, 4)",),
"(4, 6)",תחילתן,,,,,,"(5, 11)",,"[{'id': 4, 'text': 'תחילה_', 'upos': 'NOUN', 'xpos': 'NOUN', 'head': 2, 'deprel': 'nsubj', 'lemma': 'תחילה'}, {'id': 5, 'text': '_של_', 'upos': 'ADP', 'xpos': 'ADP', 'head': 6, 'deprel': 'case:gen', 'lemma': 'של'}, {'id': 6, 'text': '_הן', 'upos': 'PRON', 'xpos': 'PRON', 'feats': 'Case=Gen|Gender=Fem|Number=Plur|Person=3|PronType=Prs', 'head': 4, 'deprel': 'nmod:poss', 'lemma': 'הוא'}]"
7,של,ADP,ADP,Case=Gen,8.0,case:gen,"(12, 14)",של,
8,תקנות,NOUN,NOUN,Gender=Fem|Number=Plur,4.0,nmod:poss,"(15, 20)",תקנה,
9,אלה,PRON,PRON,Gender=Masc|Number=Plur|Person=3|PronType=Dem,8.0,det,"(21, 24)",אלה,
"(10, 11)",ביום,,,,,,"(25, 29)",,"[{'id': 10, 'text': 'ב', 'upos': 'ADP', 'xpos': 'ADP', 'head': 11, 'deprel': 'case', 'lemma': 'ב'}, {'id': 11, 'text': 'יום', 'upos': 'NOUN', 'xpos': 'NOUN', 'feats': 'Gender=Masc|Number=Sing', 'head': 4, 'deprel': 'nmod', 'lemma': 'יום'}]"
12,תחילת,NOUN,NOUN,,11.0,compound:smixut,"(30, 35)",תחילה,
13,חוק,NOUN,NOUN,Definite=Cons|Gender=Masc|Number=Sing,8.0,compound:smixut,"(36, 39)",חוק,
14,התקנת,NOUN,NOUN,Definite=Cons|Gender=Fem|Number=Sing,13.0,compound:smixut,"(40, 45)",התקנה,
15,מעליות,NOUN,NOUN,Definite=Cons|Gender=Fem|Number=Plur,14.0,compound:smixut,"(46, 52)",מעלית,
16,שבת,PROPN,PROPN,,15.0,compound:smixut,"(53, 56)",שבת,
"(17, 19)",בבנינים,,,,,,"(57, 64)",,"[{'id': 17, 'text': 'ב', 'upos': 'ADP', 'xpos': 'ADP', 'head': 40, 'deprel': 'case', 'lemma': 'ב'}, {'id': 18, 'text': 'ה_', 'upos': 'DET', 'xpos': 'DET', 'feats': 'PronType=Art', 'head': 40, 'deprel': 'det:def', 'lemma': 'ה'}, {'id': 19, 'text': 'בנינים', 'upos': 'NOUN', 'xpos': 'NOUN', 'feats': 'Gender=Masc|Number=Plur', 'head': 14, 'deprel': 'nmod', 'lemma': 'בנין'}]"
20,ציבוריים,ADJ,ADJ,Gender=Masc|Number=Plur,40.0,amod,"(65, 73)",ציבורי,
"(21, 23)",ובבניני,,,,,,"(74, 81)",,"[{'id': 21, 'text': 'ו', 'upos': 'CCONJ', 'xpos': 'CCONJ', 'head': 40, 'deprel': 'cc', 'lemma': 'ו'}, {'id': 22, 'text': 'ב', 'upos': 'ADP', 'xpos': 'ADP', 'head': 40, 'deprel': 'case', 'lemma': 'ב'}, {'id': 23, 'text': 'בניני', 'upos': 'NOUN', 'xpos': 'NOUN', 'feats': 'Definite=Cons|Gender=Masc|Number=Plur', 'head': 26, 'deprel': 'nmod', 'lemma': 'בנין'}]"
24,מגורים,NOUN,NOUN,Gender=Masc|Number=Plur,23.0,compound:smixut,"(82, 88)",מגורים,
25,(,PUNCT,PUNCT,,26.0,punct,"(89, 90)",(,
26,הוראות,NOUN,NOUN,Gender=Fem|Number=Plur,14.0,appos,"(90, 96)",הוראה,
"(27, 28)",ותיקוני,,,,,,"(97, 104)",,"[{'id': 27, 'text': 'ו', 'upos': 'CCONJ', 'xpos': 'CCONJ', 'head': 26, 'deprel': 'dep', 'lemma': 'ו'}, {'id': 28, 'text': 'תיקוני', 'upos': 'NOUN', 'xpos': 'NOUN', 'feats': 'Definite=Cons|Gender=Masc|Number=Plur', 'head': 26, 'deprel': 'conj', 'lemma': 'תיקון'}]"
29,חקיקה,NOUN,NOUN,Gender=Fem|Number=Sing,26.0,compound:smixut,"(105, 110)",חקיקה,
30,),PUNCT,PUNCT,,26.0,punct,"(110, 111)",),
31,",",PUNCT,PUNCT,,26.0,punct,"(111, 112)",",",
"(32, 33)","התשס""א",,,,,,"(113, 119)",,"[{'id': 32, 'text': 'ה', 'upos': 'DET', 'xpos': 'DET', 'feats': 'PronType=Art', 'head': 26, 'deprel': 'det:def', 'lemma': 'ה'}, {'id': 33, 'text': 'תשס""א', 'upos': 'NOUN', 'xpos': 'NOUN', 'feats': 'Abbr=Yes', 'head': 11, 'deprel': 'acl:relcl', 'lemma': 'תשס""א'}]"
34,-,PUNCT,PUNCT,,33.0,punct,"(119, 120)",-,
35,2001,NUM,NUM,,15.0,advmod,"(120, 124)",2001,
36,(,PUNCT,PUNCT,,40.0,punct,"(125, 126)",(,
"(37, 38)",להלן,,,,,,"(126, 130)",,"[{'id': 37, 'text': 'ל', 'upos': 'ADP', 'xpos': 'ADP', 'head': 40, 'deprel': 'case', 'lemma': 'ל'}, {'id': 38, 'text': 'הלן', 'upos': 'NOUN', 'xpos': 'NOUN', 'feats': 'Gender=Masc|Number=Sing', 'head': 40, 'deprel': 'nmod', 'lemma': 'הלן'}]"
39,–,PUNCT,PUNCT,,40.0,punct,"(131, 132)",–,
40,יום,NOUN,NOUN,Gender=Masc|Number=Sing,26.0,nmod,"(133, 136)",יום,
41,התחילה,NOUN,NOUN,Gender=Masc|Number=Sing,26.0,compound:smixut,"(137, 143)",התחילה,
42,),PUNCT,PUNCT,,2.0,punct,"(143, 144)",),
1,(,PUNCT,PUNCT,,2.0,punct,"(1, 2)",(,
2,ב,PROPN,PROPN,,6.0,parataxis,"(2, 3)",ב,
3,),PUNCT,PUNCT,,2.0,punct,"(3, 4)",),
4,תקנות,NOUN,NOUN,Gender=Fem|Number=Plur,6.0,nsubj,"(5, 10)",תקנה,
5,אלה,PRON,PRON,Gender=Masc|Number=Plur|Person=3|PronType=Dem,4.0,det,"(11, 14)",אלה,
6,יחולו,VERB,VERB,"Gender=Fem,Masc|HebBinyan=HUFAL|Number=Plur|Person=3|Tense=Fut|Voice=Pass",0.0,root,"(15, 20)",חלה,
7,לגבי,ADP,ADP,,8.0,case,"(21, 25)",לגבי,
8,סוגי,NOUN,NOUN,Definite=Cons|Gender=Masc|Number=Plur,6.0,obl,"(26, 30)",סוג,
"(9, 10)",הבנינים,,,,,,"(31, 38)",,"[{'id': 9, 'text': 'ה', 'upos': 'DET', 'xpos': 'DET', 'feats': 'PronType=Art', 'head': 10, 'deprel': 'det:def', 'lemma': 'ה'}, {'id': 10, 'text': 'בנינים', 'upos': 'NOUN', 'xpos': 'NOUN', 'feats': 'Gender=Masc|Number=Plur', 'head': 8, 'deprel': 'compound:smixut', 'lemma': 'בנין'}]"
"(11, 13)",כאמור,,,,,,"(39, 44)",,"[{'id': 11, 'text': 'כ', 'upos': 'ADP', 'xpos': 'ADP', 'head': 13, 'deprel': 'case', 'lemma': 'כ'}, {'id': 12, 'text': 'ה_', 'upos': 'DET', 'xpos': 'DET', 'feats': 'PronType=Art', 'head': 13, 'deprel': 'det:def', 'lemma': 'ה'}, {'id': 13, 'text': 'אמור', 'upos': 'ADJ', 'xpos': 'ADJ', 'feats': 'Gender=Masc|Number=Sing', 'head': 8, 'deprel': 'nmod', 'lemma': 'אמור'}]"
"(14, 16)",בתקנה,,,,,,"(45, 50)",,"[{'id': 14, 'text': 'ב', 'upos': 'ADP', 'xpos': 'ADP', 'head': 16, 'deprel': 'case', 'lemma': 'ב'}, {'id': 15, 'text': 'ה_', 'upos': 'DET', 'xpos': 'DET', 'feats': 'PronType=Art', 'head': 16, 'deprel': 'det:def', 'lemma': 'ה'}, {'id': 16, 'text': 'תקנה', 'upos': 'NOUN', 'xpos': 'NOUN', 'feats': 'Gender=Fem|Number=Sing', 'head': 13, 'deprel': 'obl', 'lemma': 'תקנה'}]"
17,2,NUM,NUM,,16.0,nummod,"(51, 52)",2,
"(18, 19)",שבקשה,,,,,,"(53, 58)",,"[{'id': 18, 'text': 'ש', 'upos': 'SCONJ', 'xpos': 'SCONJ', 'head': 23, 'deprel': 'mark', 'lemma': 'ש'}, {'id': 19, 'text': 'בקשה', 'upos': 'NOUN', 'xpos': 'NOUN', 'feats': 'Gender=Fem|Number=Sing', 'head': 23, 'deprel': 'nsubj', 'lemma': 'בקשה'}]"
20,להיתר,NOUN,NOUN,Gender=Masc|Number=Sing,19.0,acl,"(59, 64)",להיתר,
"(21, 22)",לגביהם,,,,,,"(65, 71)",,"[{'id': 21, 'text': 'לגבי_', 'upos': 'ADP', 'xpos': 'ADP', 'head': 22, 'deprel': 'case', 'lemma': 'לגבי'}, {'id': 22, 'text': '_הם', 'upos': 'PRON', 'xpos': 'PRON', 'feats': 'Gender=Masc|Number=Plur|Person=3|PronType=Prs', 'head': 20, 'deprel': 'obl', 'lemma': 'הוא'}]"
23,הוגשה,VERB,VERB,Gender=Fem|HebBinyan=HUFAL|Number=Sing|Person=3|Tense=Past|Voice=Pass,16.0,acl:relcl,"(72, 77)",הוגש,
"(24, 25)",לועדה,,,,,,"(78, 83)",,"[{'id': 24, 'text': 'ל', 'upos': 'ADP', 'xpos': 'ADP', 'head': 25, 'deprel': 'case', 'lemma': 'ל'}, {'id': 25, 'text': 'ועדה', 'upos': 'NOUN', 'xpos': 'NOUN', 'feats': 'Gender=Fem|Number=Sing', 'head': 23, 'deprel': 'obl', 'lemma': 'ועדה'}]"
26,לאחר,ADP,ADP,,27.0,case,"(84, 88)",לאחר,
27,יום,NOUN,NOUN,Definite=Cons|Gender=Masc|Number=Sing,23.0,obl,"(89, 92)",יום,
28,התחילה,NOUN,NOUN,Gender=Fem|Number=Sing,27.0,compound:smixut,"(93, 99)",התחילה,
1,ד',PROPN,PROPN,,0.0,root,"(1, 3)",ד',
"(2, 3)",בסיון,,,,,,"(4, 9)",,"[{'id': 2, 'text': 'ב', 'upos': 'ADP', 'xpos': 'ADP', 'head': 3, 'deprel': 'case', 'lemma': 'ב'}, {'id': 3, 'text': 'סיון', 'upos': 'NOUN', 'xpos': 'NOUN', 'feats': 'Definite=Cons|Gender=Masc|Number=Sing', 'head': 1, 'deprel': 'nmod', 'lemma': 'סיון'}]"
"(4, 5)","התשס""ד",,,,,,"(10, 16)",,"[{'id': 4, 'text': 'ה', 'upos': 'DET', 'xpos': 'DET', 'feats': 'PronType=Art', 'head': 5, 'deprel': 'det:def', 'lemma': 'ה'}, {'id': 5, 'text': 'תשס""ד', 'upos': 'NOUN', 'xpos': 'NOUN', 'feats': 'Abbr=Yes', 'head': 3, 'deprel': 'compound:smixut', 'lemma': 'תשס""ד'}]"
6,(,PUNCT,PUNCT,,7.0,punct,"(17, 18)",(,
7,24,NUM,NUM,,1.0,appos,"(18, 20)",24,
"(8, 9)",במאי,,,,,,"(21, 25)",,"[{'id': 8, 'text': 'ב', 'upos': 'ADP', 'xpos': 'ADP', 'head': 9, 'deprel': 'case', 'lemma': 'ב'}, {'id': 9, 'text': 'מאי', 'upos': 'PROPN', 'xpos': 'PROPN', 'head': 7, 'deprel': 'obl', 'lemma': 'מאי'}]"
10,2004,NUM,NUM,,9.0,nummod,"(26, 30)",2004,
11,),PUNCT,PUNCT,,7.0,punct,"(30, 31)",),
12,אברהם,PROPN,PROPN,,1.0,dep,"(32, 37)",אברהם,
13,פורז,PROPN,PROPN,,12.0,flat:name,"(38, 42)",פורז,
14,שר,NOUN,NOUN,Definite=Cons|Gender=Masc|Number=Sing,12.0,acl,"(43, 45)",שר,
"(15, 16)",הפנים,,,,,,"(46, 51)",,"[{'id': 15, 'text': 'ה', 'upos': 'DET', 'xpos': 'DET', 'feats': 'PronType=Art', 'head': 16, 'deprel': 'det:def', 'lemma': 'ה'}, {'id': 16, 'text': 'פנים', 'upos': 'NOUN', 'xpos': 'NOUN', 'feats': 'Gender=Masc|Number=Sing', 'head': 14, 'deprel': 'compound:smixut', 'lemma': 'פנים'}]"
